e_var = [4.32786, 4.44959, 4.63636, 4.84881, 5.03312, 5.38734, 5.55892, 5.81451, 6.11686, 6.44267, 6.89898, 7.38154, 7.79403, 8.35184, 9.30371, 10.4565, 11.1653, 12.1632, 12.4093, 11.8603, 11.5215, 10.0727, 9.56887, 8.64607, 8.25064, 7.68478, 7.36319, 7.03494, 6.82956, 6.64939, 6.52543, 6.36571, 6.19682, 6.02771, 5.9613, 5.86132, 5.73515, 5.62423, 5.5669, 5.47603, ];
m_var = [2.83249, 2.23037, 2.61712, 3.10877, 3.33938, 5.02876, 4.96413, 5.71416, 7.23147, 8.05981, 11.805, 14.5701, 17.9141, 24.3767, 49.4894, 83.6648, 118.33, 171.322, 216.463, 239.046, 240.38, 210.885, 189.779, 161.399, 138.298, 115.877, 99.0965, 80.9592, 72.936, 62.0878, 55.1709, 50.4097, 45.205, 38.445, 36.24, 35.2135, 32.571, 29.6952, 27.3097, 25.4912, ];
mean_mag = [0.860122, 0.854743, 0.848435, 0.841555, 0.835183, 0.837323, 0.829422, 0.821031, 0.810788, 0.800055, 0.786199, 0.772097, 0.755693, 0.736957, 0.70786, 0.668135, 0.627664, 0.574341, 0.509441, 0.436757, 0.388055, 0.319173, 0.287464, 0.242592, 0.223983, 0.194511, 0.176919, 0.158803, 0.145281, 0.135475, 0.126612, 0.121577, 0.113611, 0.104687, 0.101651, 0.099432, 0.0952943, 0.0899888, 0.0877768, 0.0839151, ];
temperatures = [2.1, 2.11, 2.12, 2.13, 2.14, 2.15, 2.16, 2.17, 2.18, 2.19, 2.2, 2.21, 2.22, 2.23, 2.24, 2.25, 2.26, 2.27, 2.28, 2.29, 2.3, 2.31, 2.32, 2.33, 2.34, 2.35, 2.36, 2.37, 2.38, 2.39, 2.4, 2.41, 2.42, 2.43, 2.44, 2.45, 2.46, 2.47, 2.48, 2.49, ];
avg_energy = [-1.67649, -1.66688, -1.65662, -1.64591, -1.63557, -1.60046, -1.5892, -1.57738, -1.56468, -1.55163, -1.54666, -1.5321, -1.51654, -1.50066, -1.48271, -1.48378, -1.46319, -1.44129, -1.41791, -1.39371, -1.35396, -1.33208, -1.31561, -1.29768, -1.28306, -1.28732, -1.27318, -1.26059, -1.2478, -1.23611, -1.18818, -1.1769, -1.16627, -1.15569, -1.14543, -1.15617, -1.14667, -1.13725, -1.12794, -1.11907, ];
