e_var = [4.28166, 4.43767, 4.64993, 4.82647, 5.00944, 5.34932, 5.61156, 5.83053, 6.09225, 6.44906, 6.8887, 7.17812, 7.71031, 8.16714, 8.68821, 9.35379, 9.71509, 10.0929, 10.3388, 10.652, 10.655, 10.384, 10.0601, 9.83379, 9.29486, 8.94263, 8.26224, 8.01376, 7.56111, 7.36915, 6.95074, 6.75347, 6.43155, 6.20602, 6.13709, 5.9672, 5.8688, 5.72966, 5.61743, 5.55275, ];
m_var = [2.26975, 2.26851, 2.83297, 2.97645, 3.29276, 5.27794, 5.44944, 5.69748, 6.75961, 8.65328, 10.9758, 12.9158, 16.7674, 20.3009, 24.8894, 34.1328, 41.8216, 47.5553, 51.2372, 61.5555, 68.8161, 69.1153, 72.0128, 72.1197, 69.1293, 66.3696, 61.7518, 58.1752, 52.84, 49.8432, 44.9225, 42.2082, 37.865, 34.373, 33.3775, 30.1803, 28.56, 26.5181, 25.1505, 23.5909, ];
mean_mag = [0.830705, 0.82524, 0.819264, 0.812707, 0.80619, 0.831763, 0.823003, 0.815494, 0.805731, 0.793528, 0.784249, 0.771567, 0.753766, 0.737129, 0.716194, 0.686577, 0.66398, 0.634491, 0.604067, 0.567427, 0.530325, 0.49409, 0.454143, 0.418345, 0.390648, 0.367187, 0.332742, 0.312165, 0.28846, 0.272224, 0.252188, 0.24152, 0.226946, 0.213866, 0.206532, 0.192713, 0.186817, 0.18016, 0.173368, 0.168808, ];
temperatures = [2.1, 2.11, 2.12, 2.13, 2.14, 2.15, 2.16, 2.17, 2.18, 2.19, 2.2, 2.21, 2.22, 2.23, 2.24, 2.25, 2.26, 2.27, 2.28, 2.29, 2.3, 2.31, 2.32, 2.33, 2.34, 2.35, 2.36, 2.37, 2.38, 2.39, 2.4, 2.41, 2.42, 2.43, 2.44, 2.45, 2.46, 2.47, 2.48, 2.49, ];
avg_energy = [-1.66921, -1.65954, -1.64989, -1.63906, -1.62878, -1.56914, -1.5572, -1.54572, -1.53332, -1.51955, -1.57142, -1.55763, -1.54147, -1.52628, -1.50907, -1.48141, -1.46213, -1.44356, -1.42587, -1.40408, -1.39391, -1.37332, -1.35353, -1.33474, -1.31852, -1.29574, -1.27842, -1.26441, -1.25034, -1.23771, -1.20179, -1.19078, -1.17895, -1.16803, -1.15835, -1.16235, -1.15298, -1.14376, -1.13419, -1.12549, ];
