e_var60 = [4.33113, 4.4027, 4.6354, 4.85459, 5.02697, 5.32123, 5.5145, 5.79498, 6.08646, 6.46004, 6.82072, 7.21805, 7.76294, 8.47662, 8.8893, 9.93654, 10.5212, 10.9123, 11.586, 11.6508, 11.0512, 10.4779, 9.89419, 9.40679, 8.40057, 8.12182, 7.63683, 7.31535, 6.90907, 6.84857, 6.59833, 6.34274, 6.19699, 6.12491, 5.9564, 5.85944, 5.73266, 5.66029, 5.5231, 5.45915, ];
m_var60 = [3.52987, 2.24269, 2.60738, 3.09001, 3.26325, 4.71971, 4.4542, 5.53722, 6.69913, 8.097, 10.3544, 12.8936, 19.2052, 29.9399, 33.5516, 57.8994, 79.0951, 84.7235, 120.405, 142.708, 139.882, 144.643, 137.647, 125.899, 109.165, 97.9879, 85.9711, 74.3207, 63.8837, 60.6654, 53.2708, 45.7487, 41.8685, 39.8612, 36.1343, 32.0245, 30.1568, 28.1618, 24.5354, 24.134, ];
mean_mag60 = [0.842685, 0.837827, 0.831094, 0.824247, 0.817905, 0.822503, 0.814594, 0.805257, 0.795954, 0.784855, 0.771693, 0.757121, 0.740613, 0.739034, 0.721967, 0.676921, 0.643115, 0.609082, 0.546811, 0.49354, 0.455941, 0.386054, 0.362661, 0.31843, 0.279198, 0.252553, 0.233427, 0.209491, 0.185789, 0.184511, 0.169405, 0.157212, 0.149128, 0.14291, 0.136514, 0.129411, 0.124459, 0.119003, 0.111283, 0.110699, ];
e_var40 = [4.28166, 4.43767, 4.64993, 4.82647, 5.00944, 5.34932, 5.61156, 5.83053, 6.09225, 6.44906, 6.8887, 7.17812, 7.71031, 8.16714, 8.68821, 9.35379, 9.71509, 10.0929, 10.3388, 10.652, 10.655, 10.384, 10.0601, 9.83379, 9.29486, 8.94263, 8.26224, 8.01376, 7.56111, 7.36915, 6.95074, 6.75347, 6.43155, 6.20602, 6.13709, 5.9672, 5.8688, 5.72966, 5.61743, 5.55275, ];
m_var40 = [2.26975, 2.26851, 2.83297, 2.97645, 3.29276, 5.27794, 5.44944, 5.69748, 6.75961, 8.65328, 10.9758, 12.9158, 16.7674, 20.3009, 24.8894, 34.1328, 41.8216, 47.5553, 51.2372, 61.5555, 68.8161, 69.1153, 72.0128, 72.1197, 69.1293, 66.3696, 61.7518, 58.1752, 52.84, 49.8432, 44.9225, 42.2082, 37.865, 34.373, 33.3775, 30.1803, 28.56, 26.5181, 25.1505, 23.5909, ];
mean_mag40 = [0.830705, 0.82524, 0.819264, 0.812707, 0.80619, 0.831763, 0.823003, 0.815494, 0.805731, 0.793528, 0.784249, 0.771567, 0.753766, 0.737129, 0.716194, 0.686577, 0.66398, 0.634491, 0.604067, 0.567427, 0.530325, 0.49409, 0.454143, 0.418345, 0.390648, 0.367187, 0.332742, 0.312165, 0.28846, 0.272224, 0.252188, 0.24152, 0.226946, 0.213866, 0.206532, 0.192713, 0.186817, 0.18016, 0.173368, 0.168808, ];
temperatures = [2.1, 2.11, 2.12, 2.13, 2.14, 2.15, 2.16, 2.17, 2.18, 2.19, 2.2, 2.21, 2.22, 2.23, 2.24, 2.25, 2.26, 2.27, 2.28, 2.29, 2.3, 2.31, 2.32, 2.33, 2.34, 2.35, 2.36, 2.37, 2.38, 2.39, 2.4, 2.41, 2.42, 2.43, 2.44, 2.45, 2.46, 2.47, 2.48, 2.49, ];
e_var60 = e_var60./temperatures.^2;
e_var40 = e_var40./temperatures.^2;


figure(1)
plot(temperatures,m_var./temperatures)
title('\chi(T), \Delta T = 0.01, MC = 1 000 000','FontSize',16)
xlabel('T','FontSize',16)
ylabel('\chi','FontSize',16)
set(0, 'DefaultAxesFontSize',15)

figure(2)
plot(temperatures,test)
title('C_V(T), \Delta T ','FontSize',16)
xlabel('T','FontSize',16)
ylabel('C_V','FontSize',16)