e_var = [4.33113, 4.4027, 4.6354, 4.85459, 5.02697, 5.32123, 5.5145, 5.79498, 6.08646, 6.46004, 6.82072, 7.21805, 7.76294, 8.47662, 8.8893, 9.93654, 10.5212, 10.9123, 11.586, 11.6508, 11.0512, 10.4779, 9.89419, 9.40679, 8.40057, 8.12182, 7.63683, 7.31535, 6.90907, 6.84857, 6.59833, 6.34274, 6.19699, 6.12491, 5.9564, 5.85944, 5.73266, 5.66029, 5.5231, 5.45915, ];
m_var = [3.52987, 2.24269, 2.60738, 3.09001, 3.26325, 4.71971, 4.4542, 5.53722, 6.69913, 8.097, 10.3544, 12.8936, 19.2052, 29.9399, 33.5516, 57.8994, 79.0951, 84.7235, 120.405, 142.708, 139.882, 144.643, 137.647, 125.899, 109.165, 97.9879, 85.9711, 74.3207, 63.8837, 60.6654, 53.2708, 45.7487, 41.8685, 39.8612, 36.1343, 32.0245, 30.1568, 28.1618, 24.5354, 24.134, ];
mean_mag = [0.842685, 0.837827, 0.831094, 0.824247, 0.817905, 0.822503, 0.814594, 0.805257, 0.795954, 0.784855, 0.771693, 0.757121, 0.740613, 0.739034, 0.721967, 0.676921, 0.643115, 0.609082, 0.546811, 0.49354, 0.455941, 0.386054, 0.362661, 0.31843, 0.279198, 0.252553, 0.233427, 0.209491, 0.185789, 0.184511, 0.169405, 0.157212, 0.149128, 0.14291, 0.136514, 0.129411, 0.124459, 0.119003, 0.111283, 0.110699, ];
temperatures = [2.1, 2.11, 2.12, 2.13, 2.14, 2.15, 2.16, 2.17, 2.18, 2.19, 2.2, 2.21, 2.22, 2.23, 2.24, 2.25, 2.26, 2.27, 2.28, 2.29, 2.3, 2.31, 2.32, 2.33, 2.34, 2.35, 2.36, 2.37, 2.38, 2.39, 2.4, 2.41, 2.42, 2.43, 2.44, 2.45, 2.46, 2.47, 2.48, 2.49, ];
avg_energy = [-1.64204, -1.63273, -1.62201, -1.61139, -1.60093, -1.59407, -1.58239, -1.57025, -1.55806, -1.54503, -1.54698, -1.53204, -1.51702, -1.50062, -1.48416, -1.4794, -1.46012, -1.43967, -1.41475, -1.39326, -1.37014, -1.34602, -1.33121, -1.31264, -1.29501, -1.26916, -1.25536, -1.2413, -1.22861, -1.21745, -1.18207, -1.17109, -1.16015, -1.14953, -1.1397, -1.16508, -1.1557, -1.14618, -1.13674, -1.12805, ];
