probability = [1, 0.783786, 0.587982, 0.422377, 0.290849, 0.19222, 0.121958, 0.0739222, 0.04164, 0.0189354, 0, ];
probability = [0, 0.0909091, 0.181818, 0.272727, 0.363636, 0.454545, 0.545455, 0.636364, 0.727273, 0.818182, 0, ];