MC = [10000, 20000, 30000, 40000, 50000, 60000, 70000, 80000, 90000, 100000, 110000, 120000, 130000, 140000, 150000, 160000, 170000, 180000, 190000, 200000, 210000, 220000, 230000, 240000, 250000, 260000, 270000, 280000, 290000, 300000, 310000, 320000, 330000, 340000, 350000, 360000, 370000, 380000, 390000, 400000, 410000, 420000, 430000, 440000, 450000, 460000, 470000, 480000, 490000, 500000, 510000, 520000, 530000, 540000, 550000, 560000, 570000, 580000, 590000, 600000, 610000, 620000, 630000, 640000, 650000, 660000, 670000, 680000, 690000, 700000, 710000, 720000, 730000, 740000, 750000, 760000, 770000, 780000, 790000, 800000, 810000, 820000, 830000, 840000, 850000, 860000, 870000, 880000, 890000, 900000, 910000, 920000, 930000, 940000, 950000, 960000, 970000, 980000, 990000, 1e+06, ]; 
% o = ordered, r = ordered

e_var_T1_o = [0.0238524, 0.0240958, 0.0236878, 0.0235833, 0.0236774, 0.0236452, 0.0237402, 0.0239932, 0.0239439, 0.0241561, 0.0239222, 0.0238662, 0.0238418, 0.023745, 0.023702, 0.023764, 0.023731, 0.0237514, 0.0237292, 0.02367, 0.0237907, 0.0238158, 0.0238486, 0.023871, 0.0238016, 0.0238175, 0.0238016, 0.0238068, 0.023776, 0.0237474, 0.0237305, 0.0237281, 0.0237426, 0.0237221, 0.0236724, 0.0236843, 0.0236804, 0.0236533, 0.0236759, 0.0236008, 0.0236157, 0.0235921, 0.0235724, 0.023552, 0.0235081, 0.023519, 0.0235045, 0.0234663, 0.0234716, 0.0234868, 0.0234993, 0.0235539, 0.0235375, 0.0235333, 0.0235072, 0.0234917, 0.0234747, 0.0235041, 0.0235049, 0.0235132, 0.0235061, 0.023501, 0.023484, 0.0234797, 0.0234779, 0.0234617, 0.0234615, 0.0234471, 0.0234538, 0.0234451, 0.0234521, 0.0234522, 0.023446, 0.0234618, 0.0234634, 0.0234711, 0.0234582, 0.0234704, 0.0234809, 0.0234742, 0.023463, 0.0234777, 0.0234845, 0.0235025, 0.0234892, 0.0234819, 0.0234916, 0.0234927, 0.0235068, 0.0234979, 0.0234931, 0.0234995, 0.023518, 0.0235132, 0.0235152, 0.0235224, 0.0235314, 0.0235449, 0.0235475, 0.023537, ];
e_var_T1_r = [0.81232, 0.422723, 0.290245, 0.224004, 0.184086, 0.157307, 0.138244, 0.124287, 0.113229, 0.104497, 0.0970852, 0.09088, 0.0856508, 0.0811319, 0.077285, 0.0740337, 0.0710432, 0.0684338, 0.0661314, 0.0640046, 0.0622141, 0.0604973, 0.0588951, 0.0574532, 0.0560424, 0.0548202, 0.0536534, 0.0526049, 0.0516036, 0.050628, 0.0497452, 0.0489293, 0.0481647, 0.0474185, 0.0466972, 0.046085, 0.0454973, 0.0449195, 0.0444154, 0.0438281, 0.0433513, 0.0428434, 0.0424052, 0.0419202, 0.0414546, 0.0410672, 0.0406689, 0.0402575, 0.0399217, 0.0395923, 0.039296, 0.0390314, 0.0387349, 0.0384383, 0.0381431, 0.0378673, 0.037611, 0.0373867, 0.0371434, 0.0369304, 0.0367048, 0.0364904, 0.0362619, 0.036061, 0.0358754, 0.0356777, 0.0354863, 0.0353, 0.0351397, 0.0349678, 0.0348161, 0.0346562, 0.0345019, 0.0343763, 0.0342395, 0.0341055, 0.033956, 0.0338393, 0.0337152, 0.0335777, 0.0334441, 0.0333394, 0.0332214, 0.0331281, 0.0330003, 0.0328798, 0.0327832, 0.0326792, 0.0325829, 0.0324717, 0.0323606, 0.0322777, 0.0321996, 0.0320973, 0.0320134, 0.0319318, 0.0318548, 0.0317833, 0.0317034, 0.0316095, ];
e_var_T24_o = [1.442, 1.47103, 1.45396, 1.44603, 1.4596, 1.44924, 1.44653, 1.45447, 1.44518, 1.43923, 1.43236, 1.43238, 1.43215, 1.42652, 1.42845, 1.42658, 1.43034, 1.43133, 1.42767, 1.42853, 1.42218, 1.42048, 1.41971, 1.42311, 1.41838, 1.41706, 1.41358, 1.41237, 1.4132, 1.41124, 1.41261, 1.40888, 1.40749, 1.41102, 1.40941, 1.40889, 1.40516, 1.4062, 1.40658, 1.40876, 1.40696, 1.40674, 1.4071, 1.40544, 1.40506, 1.40415, 1.40193, 1.40337, 1.40243, 1.40138, 1.40135, 1.40181, 1.4015, 1.40233, 1.40261, 1.40229, 1.40241, 1.40263, 1.40415, 1.40429, 1.40538, 1.40524, 1.40676, 1.40634, 1.40742, 1.40775, 1.40659, 1.40574, 1.40538, 1.40539, 1.4054, 1.40615, 1.40583, 1.4058, 1.40537, 1.40588, 1.40667, 1.40712, 1.40739, 1.4076, 1.4081, 1.40727, 1.4067, 1.40712, 1.40867, 1.40685, 1.40798, 1.40863, 1.40767, 1.40947, 1.40936, 1.40864, 1.40903, 1.40848, 1.40797, 1.40697, 1.4063, 1.40697, 1.40637, 1.40596, ];
e_var_T24_r = [1.42581, 1.4125, 1.39295, 1.38049, 1.36607, 1.39074, 1.38125, 1.37897, 1.37672, 1.37584, 1.3798, 1.37832, 1.36976, 1.37889, 1.37546, 1.38644, 1.39819, 1.39429, 1.39746, 1.39216, 1.39133, 1.39835, 1.40014, 1.39882, 1.39862, 1.39898, 1.39661, 1.39564, 1.3985, 1.39787, 1.39977, 1.40115, 1.4026, 1.40531, 1.40633, 1.40652, 1.40936, 1.41019, 1.41244, 1.41408, 1.41206, 1.41217, 1.4112, 1.41205, 1.41446, 1.4154, 1.41451, 1.41468, 1.41523, 1.4161, 1.41513, 1.41508, 1.41425, 1.41526, 1.41318, 1.41138, 1.4113, 1.41005, 1.41009, 1.40994, 1.40844, 1.40733, 1.40627, 1.40704, 1.40776, 1.40789, 1.40787, 1.4081, 1.40885, 1.40786, 1.40619, 1.40434, 1.4049, 1.40382, 1.40335, 1.40345, 1.40351, 1.40353, 1.40291, 1.40365, 1.4027, 1.40405, 1.4046, 1.40425, 1.40501, 1.40445, 1.40518, 1.40591, 1.40583, 1.40485, 1.40429, 1.40488, 1.40499, 1.40449, 1.40442, 1.40467, 1.40418, 1.40428, 1.40342, 1.40299, ];

m_var_T1_o =[0.0016096, 0.00164483, 0.00162042, 0.00160294, 0.00160894, 0.00159621, 0.00160162, 0.001615, 0.00161612, 0.0016308, 0.00161133, 0.00160538, 0.00161066, 0.00160265, 0.00159849, 0.00160332, 0.00160078, 0.00160335, 0.00160131, 0.00159806, 0.00160875, 0.00160878, 0.00161006, 0.00161116, 0.00160594, 0.0016077, 0.00160624, 0.00160662, 0.00160389, 0.00160111, 0.00160116, 0.00160274, 0.00160325, 0.00160066, 0.00159652, 0.0015968, 0.00159644, 0.0015939, 0.00159605, 0.00159054, 0.00159184, 0.00158936, 0.00158862, 0.0015875, 0.00158436, 0.00158588, 0.00158558, 0.00158264, 0.00158315, 0.00158483, 0.00158626, 0.00158976, 0.00158823, 0.00158847, 0.00158677, 0.00158523, 0.00158379, 0.00158537, 0.00158516, 0.00158569, 0.00158516, 0.00158446, 0.00158298, 0.00158233, 0.00158218, 0.00158116, 0.00158103, 0.0015792, 0.00157973, 0.00157886, 0.00157978, 0.00157954, 0.00157866, 0.00157933, 0.0015791, 0.00157951, 0.00157892, 0.00157972, 0.00158054, 0.0015802, 0.00157953, 0.00158054, 0.00158136, 0.00158264, 0.00158151, 0.00158073, 0.00158084, 0.00158066, 0.00158197, 0.00158093, 0.00158058, 0.00158054, 0.00158186, 0.00158136, 0.00158258, 0.00158289, 0.00158353, 0.00158463, 0.00158506, 0.001584, ];
m_var_T1_r =[5.3878, 2.72738, 1.82607, 1.37266, 1.09975, 0.917447, 0.787051, 0.689161, 0.612969, 0.551985, 0.502057, 0.460429, 0.425198, 0.394989, 0.368803, 0.345894, 0.325668, 0.307689, 0.291602, 0.27712, 0.264023, 0.252107, 0.241226, 0.231252, 0.222072, 0.213601, 0.205755, 0.19847, 0.191687, 0.185352, 0.179429, 0.173877, 0.168659, 0.163746, 0.159113, 0.154742, 0.150607, 0.146687, 0.142972, 0.139435, 0.136076, 0.132873, 0.129822, 0.126906, 0.124119, 0.121457, 0.118906, 0.116459, 0.114116, 0.111867, 0.109707, 0.107631, 0.10563, 0.103704, 0.101846, 0.100056, 0.0983289, 0.0966621, 0.0950504, 0.0934943, 0.0919876, 0.0905299, 0.089117, 0.0877493, 0.0864245, 0.0851388, 0.0838914, 0.0826804, 0.0815061, 0.0803642, 0.079256, 0.0781772, 0.0771278, 0.0761082, 0.0751152, 0.0741482, 0.0732055, 0.0722889, 0.0713948, 0.0705219, 0.0696704, 0.0688411, 0.0680311, 0.0672418, 0.0664684, 0.0657132, 0.0649767, 0.0642564, 0.0635532, 0.0628639, 0.0621898, 0.0615314, 0.0608879, 0.0602562, 0.0596397, 0.0590356, 0.0584442, 0.0578651, 0.0572971, 0.0567391, ];
m_var_T24_r = [8.27689, 8.44577, 8.48189, 8.5062, 8.72247, 8.92253, 8.78882, 8.8087, 8.94664, 8.95368, 8.92858, 8.93824, 8.91135, 8.89828, 8.8941, 8.94219, 8.95075, 8.92119, 8.93097, 8.90185, 8.8959, 8.92977, 8.90068, 8.8809, 8.89372, 8.90555, 8.88334, 8.8932, 8.90815, 8.90513, 8.91445, 8.9294, 8.94112, 8.93408, 8.93637, 8.9295, 8.93945, 8.94946, 8.95459, 8.96189, 8.94994, 8.94928, 8.93109, 8.91869, 8.93114, 8.93274, 8.9182, 8.92236, 8.94578, 8.93744, 8.94332, 8.94307, 8.92653, 8.9408, 8.92398, 8.92014, 8.9178, 8.91149, 8.91204, 8.91287, 8.91217, 8.89393, 8.8893, 8.88308, 8.88359, 8.88245, 8.89094, 8.88585, 8.88273, 8.87726, 8.87506, 8.86817, 8.87486, 8.8731, 8.87335, 8.87123, 8.87264, 8.86571, 8.8634, 8.8747, 8.86373, 8.85417, 8.85423, 8.85791, 8.86268, 8.87072, 8.87632, 8.87757, 8.88, 8.8707, 8.86383, 8.87091, 8.86163, 8.85509, 8.85924, 8.86486, 8.86264, 8.86738, 8.86821, 8.87492, ];
