MC = [100000, 200000, 300000, 400000, 500000, 600000, 700000, 800000, 900000, 1e+06, 1.1e+06, 1.2e+06, 1.3e+06, 1.4e+06, 1.5e+06, 1.6e+06, 1.7e+06, 1.8e+06, 1.9e+06, 2e+06, 2.1e+06, 2.2e+06, 2.3e+06, 2.4e+06, 2.5e+06, 2.6e+06, 2.7e+06, 2.8e+06, 2.9e+06, 3e+06, 3.1e+06, 3.2e+06, 3.3e+06, 3.4e+06, 3.5e+06, 3.6e+06, 3.7e+06, 3.8e+06, 3.9e+06, 4e+06, ];
% o = ordered, r = ordered
e_var_T1_o = [0.00820262, 0.00771627, 0.00779306, 0.00764679, 0.00753199, 0.00755884, 0.00749044, 0.00751951, 0.00754322, 0.00758268, 0.00752154, 0.00752211, 0.00750009, 0.00748984, 0.0074956, 0.00748394, 0.00747938, 0.00747446, 0.00747116, 0.00745704, 0.00745568, 0.00742831, 0.00742495, 0.00742285, 0.00743471, 0.00743759, 0.00744222, 0.00744167, 0.00744178, 0.0074337, 0.00744893, 0.00745056, 0.00744573, 0.00745869, 0.0074584, 0.00746014, 0.00746587, 0.00747505, 0.00746356, 0.00746577, ];
e_var_T2_r = [0.0885542, 0.048056, 0.0346772, 0.0278766, 0.0236397, 0.0209776, 0.019015, 0.0176245, 0.0165182, 0.0156562, 0.0148582, 0.0142526, 0.0137376, 0.0132852, 0.0128988, 0.0125667, 0.0122565, 0.01199, 0.011748, 0.0115179, 0.0113348, 0.0111395, 0.0109687, 0.0108221, 0.0107046, 0.0105904, 0.0104748, 0.0103666, 0.010269, 0.0101696, 0.0100938, 0.0100163, 0.00994081, 0.00987553, 0.0098024, 0.00974438, 0.0096943, 0.00964673, 0.00958449, 0.00953595, ];

m_var_T1_o = [-0.00236328, -0.0023961, -0.00239308, -0.00240365, -0.00240942, -0.00240853, -0.00241538, -0.00241405, -0.00241331, -0.00241021, -0.00241498, -0.00241528, -0.00241663, -0.00241647, -0.00241672, -0.00241781, -0.0024183, -0.00241973, -0.00242039, -0.00242199, -0.00242181, -0.00242344, -0.00242354, -0.00242329, -0.00242229, -0.00242186, -0.00242157, -0.00242169, -0.00242197, -0.0024225, -0.00242144, -0.00242142, -0.00242188, -0.00242074, -0.00242054, -0.00242025, -0.00241999, -0.0024195, -0.00242011, -0.00242014, ];

mean_mag_T1_o = [0.999265, 0.999279, 0.999279, 0.999283, 0.999286, 0.999285, 0.999286, 0.999285, 0.999285, 0.999283, 0.999285, 0.999285, 0.999285, 0.999285, 0.999285, 0.999285, 0.999285, 0.999285, 0.999285, 0.999286, 0.999285, 0.999286, 0.999286, 0.999286, 0.999286, 0.999286, 0.999286, 0.999286, 0.999286, 0.999286, 0.999285, 0.999285, 0.999286, 0.999285, 0.999285, 0.999285, 0.999285, 0.999284, 0.999284, 0.999284, ];
mean_mag_T1_r = [0.997462, 0.998376, 0.998676, 0.99883, 0.998924, 0.998983, 0.999027, 0.999058, 0.999083, 0.999102, 0.999119, 0.999133, 0.999145, 0.999155, 0.999163, 0.999171, 0.999178, 0.999183, 0.999189, 0.999194, 0.999198, 0.999203, 0.999207, 0.99921, 0.999213, 0.999215, 0.999218, 0.99922, 0.999222, 0.999224, 0.999226, 0.999228, 0.999229, 0.999231, 0.999232, 0.999234, 0.999235, 0.999236, 0.999237, 0.999238, ];
mean_mag_T24_o = [0.460618, 0.451919, 0.453907, 0.453012, 0.452925, 0.453883, 0.453793, 0.454538, 0.452978, 0.453128, 0.452189, 0.452837, 0.452304, 0.452467, 0.451878, 0.451931, 0.451617, 0.451334, 0.450855, 0.450982, 0.450425, 0.450953, 0.450889, 0.451092, 0.450811, 0.450649, 0.451131, 0.4512, 0.45124, 0.451752, 0.451996, 0.452097, 0.451848, 0.451219, 0.451399, 0.451341, 0.451646, 0.451466, 0.451647, 0.451564, ];
mean_mag_T24_r = [0.439239, 0.447608, 0.449712, 0.451287, 0.452934, 0.452305, 0.454144, 0.452134, 0.45263, 0.452275, 0.452276, 0.453016, 0.452682, 0.451984, 0.452805, 0.453556, 0.453228, 0.453273, 0.453383, 0.453763, 0.453669, 0.453552, 0.453261, 0.453188, 0.452725, 0.452885, 0.452806, 0.453002, 0.452683, 0.452662, 0.452456, 0.452308, 0.452151, 0.452327, 0.452269, 0.452184, 0.452126, 0.452264, 0.452362, 0.452517, ];

time_used_T1_o = [6.462, 13.035, 19.4562, 25.8213, 32.2857, 38.7039, 45.1332, 51.5506, 57.9245, 64.4693, 71.1093, 77.6405, 84.0982, 90.5045, 96.899, 103.191, 109.378, 115.658, 121.866, 127.979, 134.261, 140.764, 147.27, 153.762, 160.368, 167.073, 173.19, 179.329, 185.719, 192.211, 198.695, 205.334, 212.076, 218.498, 224.68, 231.562, 238.032, 244.294, 250.771, 257.246, ];

accepted_states_T1_o = [0.2931, 0.143375, 0.0969767, 0.0713025, 0.056566, 0.0488733, 0.0412629, 0.0364775, 0.03222, 0.029282, 0.0264127, 0.0239583, 0.0221477, 0.0207914, 0.0193413, 0.0180363, 0.0171894, 0.0161278, 0.0151905, 0.014446, 0.0140257, 0.0129818, 0.0125539, 0.0119175, 0.0116696, 0.0112662, 0.0107819, 0.0103932, 0.0100117, 0.00966933, 0.00945226, 0.00899563, 0.00878848, 0.00860765, 0.008252, 0.00808694, 0.00801541, 0.00764053, 0.00740923, 0.007264, ];
accepted_states_T1_r = [0.34375, 0.143375, 0.0969833, 0.07129, 0.056576, 0.04887, 0.0412657, 0.0364775, 0.03222, 0.02928, 0.0264118, 0.0239608, 0.0221477, 0.0207886, 0.0193433, 0.0180369, 0.0171894, 0.0161278, 0.0151905, 0.014445, 0.0140267, 0.0129809, 0.0125543, 0.0119179, 0.0116696, 0.0112662, 0.0107815, 0.0103936, 0.0100097, 0.00967133, 0.00945161, 0.00899625, 0.00878848, 0.00860706, 0.00825229, 0.00808694, 0.00801568, 0.00764053, 0.00740897, 0.007264, ];
accepted_states_T24_o = [107.408, 54.169, 35.8703, 26.9993, 21.5812, 17.893, 15.3697, 13.4486, 12.0555, 10.772, 9.85258, 8.96679, 8.3261, 7.67955, 7.21708, 6.73651, 6.36528, 5.99946, 5.70383, 5.38105, 5.17652, 4.88559, 4.69617, 4.4895, 4.34514, 4.15435, 3.96549, 3.85047, 3.72504, 3.56299, 3.46836, 3.36503, 3.28511, 3.20347, 3.07515, 2.99649, 2.90323, 2.84422, 2.7547, 2.70435, ];
accepted_states_T24_r = [108.817, 53.7737, 35.9561, 26.8471, 21.4887, 18.0048, 15.2742, 13.5928, 11.9537, 10.8057, 9.78222, 8.94366, 8.30847, 7.74216, 7.14401, 6.68134, 6.35983, 5.95965, 5.66614, 5.36841, 5.12796, 4.90868, 4.69377, 4.49481, 4.34084, 4.12633, 3.99446, 3.84082, 3.73539, 3.59365, 3.47794, 3.37916, 3.27632, 3.16144, 3.08737, 3.00297, 2.92191, 2.83116, 2.76309, 2.69008, ];

probability_T1_o = [0, -792, -800, -792, -800, -800, -800, -800, -800, -800, -800, -800, -800, -800, -800, -800, -800, -800, -800, -800, -800, -800, -800, -800, -800, -800, -792, -800, -800, -800, -800, -800, -800, -800, -800, -792, -800, -800, -800, -800, ];
probability_T1_r = [0, -792, -800, -800, -800, -800, -800, -800, -800, -800, -792, -800, -800, -800, -792, -800, -800, -800, -800, -800, -800, -800, -792, -800, -800, -800, -800, -800, -800, -800, -800, -800, -800, -800, -792, -800, -800, -800, -792, -792, ];
probability_T24_o = [0, -500, -484, -448, -432, -476, -448, -424, -372, -584, -524, -444, -480, -368, -476, -388, -440, -468, -436, -524, -464, -484, -516, -556, -480, -508, -516, -504, -600, -512, -452, -436, -560, -436, -412, -496, -528, -512, -492, -468, ];
probability_T24_r = [0, -456, -536, -588, -480, -472, -440, -432, -448, -504, -456, -416, -460, -520, -568, -544, -504, -396, -536, -580, -552, -568, -536, -472, -460, -460, -440, -468, -456, -504, -508, -504, -520, -456, -444, -536, -416, -540, -464, -488, ];

avg_energy_T1_o = [-1.9971, -1.99716, -1.99716, -1.99717, -1.99718, -1.99718, -1.99718, -1.99718, -1.99718, -1.99717, -1.99718, -1.99718, -1.99718, -1.99718, -1.99718, -1.99718, -1.99718, -1.99718, -1.99718, -1.99718, -1.99718, -1.99718, -1.99718, -1.99718, -1.99718, -1.99718, -1.99718, -1.99718, -1.99718, -1.99718, -1.99718, -1.99718, -1.99718, -1.99718, -1.99718, -1.99718, -1.99718, -1.99718, -1.99718, -1.99718, ];
avg_energy_T1_r = [-1.99646, -1.99683, -1.99693, -1.997, -1.99705, -1.99707, -1.99709, -1.99709, -1.9971, -1.9971, -1.99711, -1.99712, -1.99712, -1.99713, -1.99713, -1.99713, -1.99713, -1.99714, -1.99714, -1.99714, -1.99714, -1.99715, -1.99715, -1.99715, -1.99715, -1.99715, -1.99715, -1.99715, -1.99715, -1.99715, -1.99715, -1.99715, -1.99715, -1.99715, -1.99716, -1.99716, -1.99715, -1.99715, -1.99715, -1.99715, ];
avg_energy_T24_o = [-1.23914, -1.23615, -1.2367, -1.23636, -1.23626, -1.23684, -1.237, -1.23715, -1.23657, -1.23662, -1.23632, -1.23644, -1.23623, -1.23639, -1.23619, -1.2362, -1.23609, -1.23603, -1.23586, -1.23594, -1.23567, -1.23579, -1.23577, -1.23581, -1.23563, -1.23562, -1.23584, -1.23587, -1.23585, -1.23608, -1.23616, -1.23619, -1.23607, -1.23587, -1.23593, -1.23594, -1.23601, -1.23598, -1.23604, -1.23599, ];
