% Script for plotting probability for a given energy
probability_T24 = [ -492, -428, -540, -560, -528, -404, -512, -456, -468, -548, -376, -504, -488, -492, -616, -640, -448, -616, -484, -396, -500, -596, -440, -464, -652, -568, -504, -460, -488, -376, -380, -516, -388, -448, -500, -444, -584, -452, -472, -532, -464, -520, -476, -404, -476, -472, -464, -524, -508, -516, -388, -424, -536, -656, -504, -520, -576, -416, -544, -468, -424, -456, -556, -492, -504, -492, -444, -548, -564, -436, -464, -532, -548, -520, -500, -448, -508, -520, -400, -432, -528, -516, -488, -460, -464, -452, -444, -448, -460, -488, -476, -440, -472, -592, -560, -564, -432, -456, -460, -444, -544, -484, -516, -452, -476, -560, -420, -508, -460, -512, -424, -360, -392, -476, -500, -500, -428, -452, -456, -376, -448, -492, -520, -488, -540, -452, -468, -512, -448, -552, -520, -624, -520, -492, -512, -412, -444, -440, -612, -552, -524, -428, -504, -480, -464, -392, -460, -384, -552, -468, -460, -412, -468, -456, -432, -532, -512, -476, -544, -564, -532, -520, -540, -432, -492, -584, -400, -600, -460, -400, -524, -620, -524, -500, -504, -472, -408, -492, -472, -508, -536, -540, -560, -584, -476, -508, -456, -452, -368, -464, -480, -400, -460, -460, -580, -584, -544, -376, -528, -472, -508, -456, -564, -648, -516, -504, -504, -512, -424, -452, -456, -404, -500, -564, -540, -452, -496, -476, -480, -408, -532, -472, -500, -488, -520, -428, -528, -536, -548, -496, -500, -404, -496, -396, -560, -456, -488, -500, -556, -472, -480, -488, -520, -520, -532, -572, -448, -640, -568, -484, -488, -524, -480, -444, -520, -420, -420, -464, -480, -468, -464, -468, -476, -516, -584, -408, -476, -496, -556, -500, -532, -400, -528, -456, -432, -372, -440, -528, -408, -508, -516, -408, -568, -596, -504, -448, -580, -508, -464, -552, -584, -556, -560, -496, -480, -436, -592, -468, -564, -508, -536, -452, -448, -564, -512, -556, -552, -500, -436, -440, -516, -476, -528, -488, -536, -520, -448, -524, -468, -480, -572, -456, -588, -528, -432, -384, -512, -508, -436, -528, -500, -500, -460, -464, -580, -492, -552, -480, -408, -572, -584, -416, -504, -452, -392, -464, -476, -608, -448, -536, -596, -520, -516, -504, -508, -484, -524, -496, -400, -492, -456, -508, -432, -496, -404, -492, -452, -472, -544, -564, -572, -492, -448, -492, -476, -488, -432, -452, -516, -444, -412, -464, -572, -416, -436, -452, -476, -572, -428, -492, -512, -424, -476, -544, -480, -504, -492, -556, -424, -576, -592, -576, -456, -440, -460, -396, -472, -456, -464, -408, -432, -512, -540, -628, -464, -468, -432, -500, -476, -536, -516, -492, -552, -444, -524, -500, -436, -472, -504, -600, -488, -504, -592, -492, -476, -416, -532, -568, -400, -492, -488, -588, -516, -556, -472, -484, -536, -520, -492, -472, -428, -440, -436, -444, -392, -596, -564, -480, -448, -468, -560, -528, -496, -400, -484, -520, -492, -452, -496, -552, -440, -440, -400, -472, -572, -464, -536, -552, -476, -456, -528, -416, -472, -516, -532, -548, -464, -484, -496, -508, -408, -580, -560, -512, -412, -416, -472, -488, -488, -516, -556, -596, -476, -616, -436, -532, -612, -416, -476, -404, -532, -464, -588, -556, -592, -480, -516, -608, -484, -476, -432, -472, -536, -428, -552, -548, -480, -456, -556, -516, -552, -472, -680, -508, -532, -572, -416, -552, -428, -500, -528, -508, -576, -488, -568, -392, -484, -500, -448, -612, -472, -448, -452, -492, -428, -580, -552, -440, -520, -560, -492, -524, -424, -428, -632, -512, -548, -512, -516, -536, -452, -492, -472, -464, -452, -504, -468, -536, -476, -480, -396, -416, -544, -488, -400, -616, -496, -492, -416, -476, -428, -436, -432, -488, -528, -488, -644, -424, -516, -560, -556, -468, -404, -516, -492, -536, -456, -528, -516, -372, -512, -532, -508, -476, -556, -404, -464, -424, -472, -492, -524, -456, -448, -400, -468, -460, -448, -404, -440, -548, -528, -520, -504, -384, -540, -564, -456, -500, -412, -460, -520, -460, -424, -400, -552, -584, -652, -372, -400, -476, -492, -472, -520, -540, -500, -472, -456, -468, -512, -468, -436, -552, -468, -468, -436, -476, -424, -512, -536, -412, -460, -484, -472, -484, -372, -420, -576, -468, -404, -548, -624, -436, -456, -476, -632, -404, -512, -560, -488, -388, -500, -444, -524, -604, -548, -512, -472, -460, -436, -456, -424, -452, -564, -512, -500, -532, -484, -500, -500, -456, -544, -432, -564, -504, -460, -376, -452, -592, -512, -444, -456, -444, -496, -440, -488, -532, -452, -420, -500, -484, -420, -512, -504, -584, -504, -508, -488, -512, -484, -500, -528, -388, -596, -452, -488, -396, -508, -608, -472, -416, -604, -464, -512, -464, -476, -560, -516, -576, -488, -552, -440, -560, -576, -452, -508, -528, -468, -412, -444, -396, -548, -464, -612, -604, -548, -536, -512, -492, -424, -592, -396, -592, -372, -636, -472, -464, -524, -560, -356, -596, -516, -476, -496, -548, -572, -436, -516, -500, -548, -480, -516, -548, -392, -496, -560, -536, -456, -628, -492, -424, -460, -620, -504, -472, -544, -564, -464, -400, -592, -568, -536, -496, -460, -540, -556, -464, -608, -540, -520, -508, -504, -428, -472, -500, -476, -512, -424, -496, -424, -468, -448, -432, -412, -544, -532, -428, -472, -444, -492, -472, -528, -456, -416, -524, -460, -488, -444, -472, -444, -588, -588, -540, -484, -548, -436, -468, -452, -548, -556, -548, -500, -492, -404, -544, -400, -516, -484, -432, -580, -468, -544, -428, -556, -448, -488, -424, -520, -460, -488, -488, -500, -564, -504, -524, -472, -488, -484, -464, -512, -416, -536, -576, -528, -504, -484, -500, -552, -468, -512, -424, -448, -476, -464, -448, -456, -516, -408, -396, -540, -440, -576, -480, -520, -384, -568, -528, -528, -448, -420, -484, -516, -560, -552, -508, -404, -536, -484, -492, -424, -528, -424, -532, -504, -508, -424, -496, -576, -568, -520, -488, -500, -572, -432, -496, -484, -496, -528, -416, -540, -476, -520, -408, -572, -440, -476, -484, -412, -528, -428, -480, -588, -552, -420, -416, -564, -504, -488, -492, -576, -548, -480, -564, -444, -472, -424, -528, -432, -564, -564, -552, ];
