MC = [10, 100, 1000, 10000, 100000, 1e+06, ];
e_var = [0.0336, 0.015664, 0.025751, 0.0237771, 0.0229733, 0.0233132, ];
m_var = [0.0021, 0.000979, 0.00173079, 0.00162087, 0.00154911, 0.00156081, ];
mean_mag = [0.9985, 0.99945, 0.999195, 0.999242, 0.999284, 0.999278, ];
