rho= [0, 0.0662252, 0.13245, 0.198675, 0.264901, 0.331126, 0.397351, 0.463576, 0.529801, 0.596026, 0.662252, 0.728477, 0.794702, 0.860927, 0.927152, 0.993377, 1.0596, 1.12583, 1.19205, 1.25828, 1.3245, 1.39073, 1.45695, 1.52318, 1.5894, 1.65563, 1.72185, 1.78808, 1.8543, 1.92053, 1.98675, 2.05298, 2.11921, 2.18543, 2.25166, 2.31788, 2.38411, 2.45033, 2.51656, 2.58278, 2.64901, 2.71523, 2.78146, 2.84768, 2.91391, 2.98013, 3.04636, 3.11258, 3.17881, 3.24503, 3.31126, 3.37748, 3.44371, 3.50993, 3.57616, 3.64238, 3.70861, 3.77483, 3.84106, 3.90728, 3.97351, 4.03974, 4.10596, 4.17219, 4.23841, 4.30464, 4.37086, 4.43709, 4.50331, 4.56954, 4.63576, 4.70199, 4.76821, 4.83444, 4.90066, 4.96689, 5.03311, 5.09934, 5.16556, 5.23179, 5.29801, 5.36424, 5.43046, 5.49669, 5.56291, 5.62914, 5.69536, 5.76159, 5.82781, 5.89404, 5.96026, 6.02649, 6.09272, 6.15894, 6.22517, 6.29139, 6.35762, 6.42384, 6.49007, 6.55629, 6.62252, 6.68874, 6.75497, 6.82119, 6.88742, 6.95364, 7.01987, 7.08609, 7.15232, 7.21854, 7.28477, 7.35099, 7.41722, 7.48344, 7.54967, 7.61589, 7.68212, 7.74834, 7.81457, 7.88079, 7.94702, 8.01325, 8.07947, 8.1457, 8.21192, 8.27815, 8.34437, 8.4106, 8.47682, 8.54305, 8.60927, 8.6755, 8.74172, 8.80795, 8.87417, 8.9404, 9.00662, 9.07285, 9.13907, 9.2053, 9.27152, 9.33775, 9.40397, 9.4702, 9.53642, 9.60265, 9.66887, 9.7351, 9.80132, 9.86755, 9.93377, 10, 10.0662, 10.1325, 10.1987, 10.2649, 10.3311, 10.3974, 10.4636, 10.5298, 10.596, 10.6623, 10.7285, 10.7947, 10.8609, 10.9272, 10.9934, 11.0596, 11.1258, 11.1921, 11.2583, 11.3245, 11.3907, 11.457, 11.5232, 11.5894, 11.6556, 11.7219, 11.7881, 11.8543, 11.9205, 11.9868, 12.053, 12.1192, 12.1854, 12.2517, 12.3179, 12.3841, 12.4503, 12.5166, 12.5828, 12.649, 12.7152, 12.7815, 12.8477, 12.9139, 12.9801, 13.0464, 13.1126, 13.1788, 13.245, 13.3113, 13.3775, 13.4437, 13.5099, 13.5762, 13.6424, 13.7086, 13.7748, 13.8411, 13.9073, 13.9735, 14.0397, 14.106, 14.1722, 14.2384, 14.3046, 14.3709, 14.4371, 14.5033, 14.5695, 14.6358, 14.702, 14.7682, 14.8344, 14.9007, 14.9669, 15.0331, 15.0993, 15.1656, 15.2318, 15.298, 15.3642, 15.4305, 15.4967, 15.5629, 15.6291, 15.6954, 15.7616, 15.8278, 15.894, 15.9603, 16.0265, 16.0927, 16.1589, 16.2252, 16.2914, 16.3576, 16.4238, 16.4901, 16.5563, 16.6225, 16.6887, 16.755, 16.8212, 16.8874, 16.9536, 17.0199, 17.0861, 17.1523, 17.2185, 17.2848, 17.351, 17.4172, 17.4834, 17.5497, 17.6159, 17.6821, 17.7483, 17.8146, 17.8808, 17.947, 18.0132, 18.0795, 18.1457, 18.2119, 18.2781, 18.3444, 18.4106, 18.4768, 18.543, 18.6093, 18.6755, 18.7417, 18.8079, 18.8742, 18.9404, 19.0066, 19.0728, 19.1391, 19.2053, 19.2715, 19.3377, 19.404, 19.4702, 19.5364, 19.6026, 19.6689, 19.7351, 19.8013, 19.8675, 19.9338, ];
psi01= [-0.00138509, -0.00285827, -0.00441858, -0.00606485, -0.00779561, -0.0096092, -0.0115037, -0.0134769, -0.0155264, -0.0176497, -0.0198438, -0.0221058, -0.0244323, -0.0268199, -0.0292649, -0.0317636, -0.0343119, -0.0369057, -0.0395406, -0.0422122, -0.044916, -0.0476474, -0.0504014, -0.0531733, -0.0559583, -0.0587512, -0.0615471, -0.064341, -0.0671278, -0.0699025, -0.0726599, -0.0753953, -0.0781035, -0.0807797, -0.0834191, -0.0860169, -0.0885685, -0.0910693, -0.093515, -0.0959013, -0.098224, -0.100479, -0.102663, -0.104772, -0.106802, -0.108751, -0.110615, -0.112391, -0.114077, -0.115671, -0.117169, -0.11857, -0.119873, -0.121076, -0.122177, -0.123175, -0.12407, -0.12486, -0.125546, -0.126128, -0.126604, -0.126977, -0.127245, -0.12741, -0.127473, -0.127434, -0.127296, -0.127058, -0.126724, -0.126295, -0.125773, -0.125159, -0.124457, -0.123669, -0.122796, -0.121843, -0.120811, -0.119703, -0.118523, -0.117273, -0.115957, -0.114577, -0.113137, -0.11164, -0.11009, -0.108489, -0.106841, -0.10515, -0.103418, -0.101649, -0.0998462, -0.098013, -0.0961524, -0.0942678, -0.0923623, -0.0904389, -0.0885008, -0.0865508, -0.0845919, -0.0826269, -0.0806585, -0.0786895, -0.0767224, -0.0747598, -0.0728039, -0.0708572, -0.0689217, -0.0669998, -0.0650932, -0.0632041, -0.0613341, -0.059485, -0.0576583, -0.0558557, -0.0540784, -0.0523279, -0.0506052, -0.0489115, -0.0472479, -0.0456151, -0.0440141, -0.0424455, -0.04091, -0.0394082, -0.0379404, -0.0365072, -0.0351088, -0.0337453, -0.0324171, -0.0311242, -0.0298665, -0.0286441, -0.0274568, -0.0263046, -0.0251871, -0.0241041, -0.0230553, -0.0220403, -0.0210588, -0.0201102, -0.0191942, -0.0183102, -0.0174577, -0.016636, -0.0158447, -0.0150831, -0.0143505, -0.0136464, -0.0129701, -0.0123208, -0.011698, -0.0111008, -0.0105287, -0.00998089, -0.0094567, -0.00895541, -0.00847632, -0.00801874, -0.00758197, -0.00716531, -0.00676808, -0.00638961, -0.00602923, -0.00568627, -0.0053601, -0.00505007, -0.00475556, -0.00447596, -0.00421067, -0.0039591, -0.00372068, -0.00349486, -0.0032811, -0.00307887, -0.00288765, -0.00270695, -0.00253629, -0.0023752, -0.00222323, -0.00207995, -0.00194494, -0.00181779, -0.0016981, -0.00158551, -0.00147965, -0.00138017, -0.00128675, -0.00119906, -0.00111679, -0.00103966, -0.000967374, -0.000899673, -0.0008363, -0.000777009, -0.000721568, -0.000669755, -0.000621358, -0.000576177, -0.00053402, -0.000494706, -0.000458063, -0.000423928, -0.000392146, -0.00036257, -0.000335062, -0.000309491, -0.000285733, -0.000263671, -0.000243194, -0.0002242, -0.000206589, -0.000190269, -0.000175155, -0.000161163, -0.000148217, -0.000136246, -0.000125181, -0.00011496, -0.000105523, -9.68137e-05, -8.87808e-05, -8.13754e-05, -7.4552e-05, -6.82681e-05, -6.2484e-05, -5.71626e-05, -5.22694e-05, -4.77723e-05, -4.36413e-05, -3.98486e-05, -3.63681e-05, -3.31758e-05, -3.02494e-05, -2.75679e-05, -2.51123e-05, -2.28645e-05, -2.08081e-05, -1.89276e-05, -1.72089e-05, -1.56389e-05, -1.42053e-05, -1.28971e-05, -1.17038e-05, -1.0616e-05, -9.62464e-06, -8.72177e-06, -7.89987e-06, -7.15204e-06, -6.47196e-06, -5.85378e-06, -5.29216e-06, -4.78216e-06, -4.31928e-06, -3.89937e-06, -3.51862e-06, -3.17355e-06, -2.86098e-06, -2.57797e-06, -2.32187e-06, -2.09022e-06, -1.8808e-06, -1.69155e-06, -1.52063e-06, -1.36632e-06, -1.22709e-06, -1.10152e-06, -9.88321e-07, -8.86323e-07, -7.94462e-07, -7.11768e-07, -6.3736e-07, -5.70438e-07, -5.10274e-07, -4.56209e-07, -4.07645e-07, -3.64037e-07, -3.24896e-07, -2.89773e-07, -2.58267e-07, -2.3001e-07, -2.04672e-07, -1.81954e-07, -1.61584e-07, -1.43316e-07, -1.26929e-07, -1.12222e-07, -9.90107e-08, -8.71314e-08, -7.64334e-08, -6.67801e-08, -5.8047e-08, -5.01202e-08, -4.28951e-08, -3.62753e-08, -3.01716e-08, -2.45005e-08, -1.91834e-08, -1.41457e-08, -9.31564e-09, -4.62336e-09, ];
