R= [-0.00431671, -0.00879944, -0.0134236, -0.0181634, -0.0229918, -0.0278811, -0.0328026, -0.0377272, -0.0426253, -0.0474671, -0.0522229, -0.056863, -0.0613582, -0.0656798, -0.0697999, -0.0736915, -0.0773286, -0.0806867, -0.0837425, -0.0864743, -0.0888622, -0.0908883, -0.0925364, -0.0937925, -0.0946448, -0.0950837, -0.095102, -0.0946949, -0.0938597, -0.0925965, -0.0909077, -0.0887979, -0.0862745, -0.0833468, -0.0800267, -0.0763282, -0.0722675, -0.0678626, -0.0631337, -0.0581027, -0.0527932, -0.0472301, -0.0414401, -0.0354507, -0.0292908, -0.0229899, -0.0165784, -0.0100873, -0.00354762, 0.00300904, 0.00955128, 0.0160478, 0.0224677, 0.0287806, 0.0349566, 0.0409669, 0.0467835, 0.0523796, 0.0577295, 0.0628092, 0.0675958, 0.0720684, 0.0762074, 0.0799953, 0.0834163, 0.0864564, 0.0891038, 0.0913484, 0.0931824, 0.0945999, 0.0955968, 0.0961713, 0.0963235, 0.0960555, 0.095371, 0.0942759, 0.0927777, 0.0908858, 0.0886109, 0.0859656, 0.0829636, 0.0796203, 0.0759521, 0.0719767, 0.0677127, 0.0631795, 0.0583977, 0.0533881, 0.0481724, 0.0427725, 0.0372108, 0.0315099, 0.0256922, 0.0197805, 0.0137972, 0.0077646, 0.00170451, -0.00436152, -0.0104125, -0.0164281, -0.0223886, -0.028275, -0.0340691, -0.0397536, -0.0453122, -0.0507295, -0.055991, -0.0610834, -0.0659943, -0.0707125, -0.0752279, -0.0795313, -0.0836149, -0.0874718, -0.0910962, -0.0944834, -0.0976297, -0.100533, -0.10319, -0.105602, -0.107769, -0.109691, -0.111371, -0.112811, -0.114015, -0.114988, -0.115734, -0.116258, -0.116568, -0.116669, -0.116569, -0.116275, -0.115796, -0.115138, -0.114311, -0.113324, -0.112184, -0.110902, -0.109486, -0.107945, -0.106289, -0.104526, -0.102665, -0.100715, -0.0986857, -0.0965845, -0.0944201, -0.0922007, -0.0899343, -0.0876285, -0.0852908, -0.0829283, -0.0805478, -0.0781559, -0.0757588, -0.0733623, -0.0709721, -0.0685934, -0.0662311, -0.0638898, -0.0615738, -0.059287, -0.0570331, -0.0548153, -0.0526367, -0.0504999, -0.0484075, -0.0463614, -0.0443637, -0.0424158, -0.0405192, -0.0386749, -0.0368839, -0.0351468, -0.0334642, -0.0318362, -0.030263, -0.0287445, -0.0272805, -0.0258706, -0.0245144, -0.0232111, -0.0219602, -0.0207606, -0.0196116, -0.0185121, -0.0174611, -0.0164573, -0.0154997, -0.0145869, -0.0137177, -0.0128909, -0.012105, -0.0113587, -0.0106508, -0.00997972, -0.00934425, -0.00874298, -0.0081746, -0.00763775, -0.00713112, -0.00665343, -0.00620339, -0.00577977, -0.00538134, -0.00500692, -0.00465534, -0.00432548, -0.00401624, -0.00372657, -0.00345546, -0.0032019, -0.00296494, -0.00274369, -0.00253724, -0.00234476, -0.00216544, -0.00199851, -0.00184323, -0.0016989, -0.00156484, -0.00144041, -0.00132501, -0.00121806, -0.00111902, -0.00102736, -0.000942605, -0.000864287, -0.00079196, -0.000725225, -0.000663689, -0.000606986, -0.000554774, -0.000506731, -0.000462553, -0.000421966, -0.000384692, -0.000350494, -0.000319133, -0.0002904, -0.000264086, -0.000240007, -0.000217985, -0.000197861, -0.000179489, -0.000162718, -0.000147425, -0.000133486, -0.00012079, -0.000109233, -9.87265e-05, -8.91746e-05, -8.04921e-05, -7.26144e-05, -6.54667e-05, -5.89931e-05, -5.31225e-05, -4.78039e-05, -4.29935e-05, -3.86483e-05, -3.47143e-05, -3.11716e-05, -2.79641e-05, -2.5075e-05, -2.24737e-05, -2.01288e-05, -1.8018e-05, -1.61131e-05, -1.4407e-05, -1.28739e-05, -1.14977e-05, -1.02603e-05, -9.1513e-06, -8.15717e-06, -7.2667e-06, -6.47204e-06, -5.75815e-06, -5.1161e-06, -4.54822e-06, -4.04313e-06, -3.58814e-06, -3.18358e-06, -2.8223e-06, -2.50071e-06, -2.21628e-06, -1.96152e-06, -1.73412e-06, -1.53441e-06, -1.35479e-06, -1.19592e-06, -1.05922e-06, -9.32307e-07, -8.20137e-07, -7.22117e-07, -6.35479e-07, -5.62868e-07, -4.94642e-07, -4.31913e-07, -3.80361e-07, -3.32716e-07, -2.95263e-07, -2.55368e-07, -2.25435e-07, -1.95214e-07, -1.72725e-07, -1.54223e-07, -1.32382e-07, -1.16961e-07, -9.90319e-08, -8.56672e-08, -7.74323e-08, -6.69247e-08, -6.09677e-08, -4.74361e-08, -4.37766e-08, -3.98335e-08, -3.48101e-08, -3.0086e-08, -2.16774e-08, -2.14523e-08, -1.79136e-08, -1.94024e-08, -1.49748e-08, -1.3317e-08, -8.96561e-09, -8.40901e-09, -6.54659e-09, -9.97179e-09, -6.32927e-09, -6.00578e-09, -3.63513e-09, -4.81655e-09, -5.44985e-09, -2.29516e-09, -2.02222e-09, 2.37115e-09, -4.95182e-09, -1.38653e-10, -2.25055e-09, -2.88692e-09, -2.29424e-09, -6.09794e-09, -5.21339e-10, 1.55226e-09, 2.93273e-10, 1.05378e-09, -1.93029e-09, 3.89163e-11, -2.57167e-09, 2.00743e-09, 1.06202e-09, -1.74951e-09, 1.98895e-09, -3.6585e-09, 2.79081e-09, 4.79645e-10, -2.91132e-09, -2.40623e-09, -5.27609e-10, 3.1975e-09, 1.26571e-09, 2.67684e-10, -1.49408e-09, -5.34191e-10, 1.84831e-10, 4.46751e-10, 1.619e-09, -1.417e-09, -5.03189e-10, 4.35286e-09, 2.33461e-09, 3.18608e-09, -3.98192e-09, -1.64104e-09, 8.71754e-10, -8.9004e-10, 1.43009e-09, -2.70348e-09, 9.72095e-10, 8.7136e-10, 2.4606e-09, -1.18093e-09, -1.68295e-09, 1.87333e-09, 1.72985e-09, -9.85895e-10, -1.96337e-10, 7.92358e-10, -2.92702e-11, 1.21835e-09, -1.56579e-09, 1.21388e-09, -8.08396e-10, -2.38882e-10, 7.86784e-10, 1.61552e-09, -1.2615e-09, -1.56119e-09, -1.38482e-10, -1.18591e-09, ];
