R= [0.00497487, 0.0101503, 0.0155076, 0.0210271, 0.0266884, 0.03247, 0.03835, 0.0443056, 0.0503141, 0.056352, 0.0623959, 0.0684224, 0.0744083, 0.0803304, 0.0861661, 0.0918933, 0.0974904, 0.102937, 0.108212, 0.113299, 0.118177, 0.122832, 0.127248, 0.13141, 0.135305, 0.138923, 0.142254, 0.145288, 0.14802, 0.150444, 0.152556, 0.154353, 0.155835, 0.157002, 0.157857, 0.158402, 0.158642, 0.158583, 0.158232, 0.157598, 0.156688, 0.155514, 0.154086, 0.152416, 0.150515, 0.148399, 0.146078, 0.143568, 0.140883, 0.138036, 0.135042, 0.131917, 0.128673, 0.125326, 0.12189, 0.118379, 0.114806, 0.111185, 0.107529, 0.10385, 0.100159, 0.0964688, 0.0927896, 0.0891315, 0.0855043, 0.0819166, 0.0783769, 0.0748927, 0.071471, 0.0681181, 0.0648396, 0.0616406, 0.0585254, 0.0554979, 0.0525613, 0.0497181, 0.0469706, 0.0443202, 0.041768, 0.0393148, 0.0369606, 0.0347054, 0.0325484, 0.0304887, 0.0285252, 0.0266563, 0.0248803, 0.023195, 0.0215983, 0.0200879, 0.0186611, 0.0173154, 0.016048, 0.0148561, 0.0137367, 0.0126869, 0.0117039, 0.0107846, 0.00992606, 0.00912542, 0.00837976, 0.00768626, 0.00704213, 0.00644465, 0.00589118, 0.00537916, 0.00490609, 0.00446958, 0.00406734, 0.00369714, 0.00335688, 0.00304452, 0.00275815, 0.00249593, 0.00225612, 0.0020371, 0.0018373, 0.00165526, 0.0014896, 0.00133905, 0.00120239, 0.00107849, 0.000966292, 0.000864812, 0.000773147, 0.000690439, 0.000615903, 0.000548822, 0.000488508, 0.000434348, 0.000385776, 0.000342264, 0.000303326, 0.00026853, 0.00023747, 0.000209773, 0.000185105, 0.000163161, 0.000143665, 0.000126363, 0.000111025, 9.74416e-05, 8.543e-05, 7.48214e-05, 6.546e-05, 5.72036e-05, 4.99362e-05, 4.35467e-05, 3.79329e-05, 3.30071e-05, 2.86934e-05, 2.49188e-05, 2.1612e-05, 1.87257e-05, 1.62053e-05, 1.40129e-05, 1.21055e-05, 1.04433e-05, 9.00418e-06, 7.7535e-06, 6.66563e-06, 5.72606e-06, 4.91335e-06, 4.21708e-06, 3.61422e-06, 3.08962e-06, 2.63989e-06, 2.25192e-06, 1.91913e-06, 1.6337e-06, 1.39564e-06, 1.18627e-06, 1.00741e-06, 8.52829e-07, 7.22533e-07, 6.11833e-07, 5.1885e-07, 4.40503e-07, 3.6875e-07, 3.12412e-07, 2.60235e-07, 2.14334e-07, 1.85199e-07, 1.55958e-07, 1.3222e-07, 1.11485e-07, 9.24296e-08, 7.35495e-08, 6.35022e-08, 5.41419e-08, 4.33226e-08, 3.62242e-08, 3.26484e-08, 2.46043e-08, 1.84155e-08, 1.55266e-08, 1.25467e-08, 1.23415e-08, 8.39779e-09, 7.88019e-09, 6.34988e-09, 2.9929e-09, 4.50135e-09, 1.12146e-09, 7.01683e-09, 3.99791e-09, 2.19163e-09, 2.43557e-09, 1.77904e-09, -9.74725e-10, -2.3404e-09, 2.19583e-09, -1.47912e-11, -9.9194e-10, 3.73417e-10, 7.67905e-10, 1.67757e-09, 1.28578e-09, 1.16077e-09, 1.89211e-09, 5.58483e-10, 2.89123e-09, 3.01656e-09, 2.53068e-09, -5.20857e-09, 3.56147e-09, -7.00804e-10, 2.91233e-09, 4.98922e-09, 8.89821e-10, -2.73172e-09, -1.40863e-10, -3.62928e-10, 6.26767e-09, 1.08651e-09, 1.41392e-09, -2.36869e-09, 1.62422e-09, -3.37493e-09, 3.90345e-09, 1.26071e-09, 2.47203e-09, -7.17262e-10, -2.36915e-09, -1.72579e-09, 2.95176e-09, 9.95164e-10, 2.24032e-09, 1.4195e-09, -4.29396e-10, 1.27049e-09, 2.91365e-09, -2.0408e-09, -1.59939e-09, 1.38782e-09, -3.33392e-09, 1.61993e-10, -1.55281e-09, -7.55892e-10, -1.71491e-09, 2.65806e-09, -3.41709e-09, 2.7103e-09, -4.91308e-09, -3.75544e-10, 3.86575e-09, 2.96712e-09, -3.86538e-09, 1.12371e-09, 9.59912e-10, 3.29214e-09, -1.16583e-09, -1.49107e-09, -8.06448e-10, 2.50507e-10, -1.87254e-09, 1.61597e-09, -2.70981e-09, -1.26618e-09, 1.06634e-09, -1.6038e-09, 1.25727e-09, -7.66004e-10, -1.52742e-09, 1.65362e-09, -5.29633e-10, 1.40423e-09, 8.18303e-10, 2.82358e-10, -3.5612e-09, -1.02792e-09, -4.80676e-10, 1.18687e-09, -7.76754e-10, 5.87488e-09, 9.58973e-11, -1.51557e-09, -2.26745e-09, 3.69576e-09, -1.33418e-11, 3.31521e-09, -2.781e-09, 3.4617e-09, -1.04264e-09, 1.91135e-10, -2.51638e-09, 2.5563e-09, -1.29049e-09, 9.76952e-10, -2.6994e-09, 6.10454e-10, -1.83701e-09, -4.28924e-09, -1.78015e-09, -3.9047e-10, 8.93232e-10, -5.67731e-10, 4.43701e-09, -7.44353e-10, 4.63214e-09, -2.11153e-09, 3.31626e-10, -1.55209e-09, 4.65792e-09, 1.78578e-09, 1.53033e-09, -5.65408e-09, -1.41253e-09, -2.49611e-11, 2.1419e-09, 2.02015e-09, -4.25707e-10, 2.11886e-10, -4.52185e-09, -4.78386e-10, 2.80144e-09, 3.10722e-09, -1.05303e-09, 2.00382e-09, -1.79205e-09, 5.23839e-10, 1.46223e-11, 2.20374e-09, 1.65496e-09, 2.03865e-09, -1.34722e-09, -6.78635e-10, -5.30273e-10, -4.1781e-09, -1.69445e-09, 4.03569e-11, -1.02177e-09, -6.90041e-10, 2.77214e-09, -5.58931e-11, -3.19179e-09, -5.15337e-10, -7.11393e-10, 1.38113e-09, -1.01764e-10, -5.3706e-10, 1.07515e-09, 2.43258e-09, -2.73552e-09, -3.55963e-09, -1.57693e-09, -1.42238e-09, 1.97204e-09, -9.44215e-10, 1.56008e-09, 1.14449e-09, -7.18704e-09, 1.35947e-10, 1.02699e-09, 2.69371e-09, 2.77479e-10, 5.25075e-10, -3.59203e-09, -1.64909e-09, 2.88118e-09, -6.87417e-11, 1.15224e-09, 1.74241e-09, -1.91882e-10, -2.15583e-09, 2.8409e-10, -3.98149e-09, 1.41379e-10, -4.80112e-10, -1.08621e-09, 8.1168e-10, -3.63377e-09, -1.45224e-09, -3.428e-09, 3.12342e-09, -2.84876e-09, 9.11298e-10, -2.98256e-09, 1.93942e-11, -7.36787e-12, ];
