rho= [0.273899, 0.248793, -0.0761625, -0.306451, -0.150085, 0.197314, 0.292128, 0.0115025, -0.283948, -0.212666, 0.133713, 0.306924, 0.0823066, -0.24906, -0.257272, 0.0684052, 0.305297, 0.14595, -0.202795, -0.288441, ];
psi= [0, 0.227273, 0.454545, 0.681818, 0.909091, 1.13636, 1.36364, 1.59091, 1.81818, 2.04545, 2.27273, 2.5, 2.72727, 2.95455, 3.18182, 3.40909, 3.63636, 3.86364, 4.09091, 4.31818, 4.54545, 4.77273, ];

plot(rho,psi(1:20))
