R= [0.00235836, 0.0048164, 0.00737021, 0.0100156, 0.012748, 0.0155627, 0.0184547, 0.0214187, 0.0244492, 0.0275407, 0.0306871, 0.0338824, 0.0371205, 0.0403951, 0.0436995, 0.0470274, 0.050372, 0.0537268, 0.0570849, 0.0604396, 0.0637843, 0.0671122, 0.0704167, 0.0736911, 0.0769291, 0.0801241, 0.0832699, 0.0863603, 0.0893895, 0.0923515, 0.0952408, 0.098052, 0.10078, 0.10342, 0.105966, 0.108416, 0.110763, 0.113006, 0.115139, 0.11716, 0.119066, 0.120853, 0.12252, 0.124065, 0.125485, 0.126779, 0.127947, 0.128986, 0.129898, 0.130681, 0.131336, 0.131862, 0.132262, 0.132534, 0.132682, 0.132706, 0.132608, 0.132391, 0.132055, 0.131605, 0.131042, 0.130369, 0.129589, 0.128706, 0.127723, 0.126643, 0.125471, 0.124209, 0.122863, 0.121435, 0.11993, 0.118351, 0.116704, 0.114993, 0.113221, 0.111392, 0.109512, 0.107585, 0.105614, 0.103603, 0.101558, 0.0994814, 0.0973781, 0.0952518, 0.0931064, 0.0909458, 0.0887735, 0.0865933, 0.0844086, 0.0822228, 0.0800392, 0.0778609, 0.0756909, 0.0735322, 0.0713874, 0.0692593, 0.0671502, 0.0650626, 0.0629986, 0.0609604, 0.0589498, 0.0569687, 0.0550188, 0.0531015, 0.0512184, 0.0493705, 0.0475592, 0.0457854, 0.04405, 0.0423537, 0.0406973, 0.0390814, 0.0375062, 0.0359723, 0.0344797, 0.0330288, 0.0316195, 0.0302518, 0.0289255, 0.0276406, 0.0263967, 0.0251935, 0.0240307, 0.0229077, 0.021824, 0.0207792, 0.0197725, 0.0188034, 0.0178711, 0.016975, 0.0161142, 0.0152881, 0.0144957, 0.0137363, 0.013009, 0.012313, 0.0116474, 0.0110114, 0.010404, 0.00982441, 0.0092717, 0.00874502, 0.00824347, 0.00776619, 0.00731234, 0.00688102, 0.00647144, 0.00608273, 0.00571409, 0.00536472, 0.00503384, 0.00472066, 0.00442445, 0.00414446, 0.00387998, 0.00363032, 0.0033948, 0.00317276, 0.00296357, 0.00276661, 0.00258129, 0.00240702, 0.00224325, 0.00208946, 0.00194511, 0.00180973, 0.00168282, 0.00156394, 0.00145264, 0.00134852, 0.00125116, 0.00116018, 0.00107522, 0.000995929, 0.000921972, 0.000853035, 0.000788816, 0.00072903, 0.000673399, 0.000621673, 0.000573605, 0.000528958, 0.000487517, 0.000449084, 0.000413445, 0.00038043, 0.000349856, 0.000321566, 0.000295399, 0.000271219, 0.000248874, 0.000228248, 0.00020922, 0.00019167, 0.000175496, 0.000160606, 0.000146894, 0.00013428, 0.000122684, 0.000112026, 0.00010224, 9.32639e-05, 8.5021e-05, 7.74651e-05, 7.05461e-05, 6.42123e-05, 5.84122e-05, 5.31099e-05, 4.82623e-05, 4.38267e-05, 3.97863e-05, 3.6098e-05, 3.27272e-05, 2.96616e-05, 2.68715e-05, 2.43201e-05, 2.20059e-05, 1.99017e-05, 1.79876e-05, 1.62482e-05, 1.46709e-05, 1.32401e-05, 1.19378e-05, 1.07633e-05, 9.69882e-06, 8.73013e-06, 7.85816e-06, 7.06944e-06, 6.35376e-06, 5.70966e-06, 5.12965e-06, 4.60215e-06, 4.12519e-06, 3.70544e-06, 3.31624e-06, 2.97199e-06, 2.66139e-06, 2.37861e-06, 2.12885e-06, 1.90062e-06, 1.70234e-06, 1.51638e-06, 1.35619e-06, 1.2077e-06, 1.07648e-06, 9.56217e-07, 8.56743e-07, 7.62838e-07, 6.77085e-07, 6.03397e-07, 5.2988e-07, 4.72431e-07, 4.19324e-07, 3.78813e-07, 3.30343e-07, 2.94016e-07, 2.57969e-07, 2.28684e-07, 2.07326e-07, 1.82348e-07, 1.57607e-07, 1.40766e-07, 1.23368e-07, 1.10061e-07, 9.97258e-08, 8.57638e-08, 7.54607e-08, 6.53569e-08, 5.65698e-08, 4.90826e-08, 4.56555e-08, 3.99606e-08, 3.71274e-08, 2.75528e-08, 2.6671e-08, 2.08886e-08, 1.96819e-08, 1.96477e-08, 1.81812e-08, 1.28841e-08, 1.00873e-08, 1.12513e-08, 1.01291e-08, 9.66294e-09, 5.36216e-09, 9.34437e-09, 4.81535e-09, 2.43342e-09, 2.91541e-09, 8.02485e-09, 8.19147e-10, 1.59896e-09, 2.55407e-09, 3.7782e-09, 1.04438e-09, 2.20454e-09, 4.8509e-10, 1.92782e-09, 1.32738e-09, 4.67591e-09, 1.66491e-09, 2.84241e-10, 1.28596e-09, -3.2019e-09, 6.47286e-09, 7.47784e-10, 5.66896e-10, 3.87244e-09, -3.4288e-10, -3.98911e-09, 1.31773e-09, -3.16403e-10, -2.32929e-09, 5.78614e-09, -3.04141e-09, -1.01207e-09, -2.90929e-09, 4.93734e-09, -6.62774e-10, 1.66949e-09, -5.30375e-10, 8.52572e-10, -2.96509e-09, 3.11319e-10, -1.06289e-09, 2.09726e-09, -1.84408e-09, -1.37464e-09, -1.09429e-09, 1.56986e-10, -1.19118e-09, -1.33315e-09, 8.17101e-10, -1.78044e-10, -1.71331e-09, -1.44257e-09, -2.38094e-09, -2.56811e-09, 6.34062e-09, 6.92155e-10, -4.44854e-09, 3.79251e-09, -9.99667e-10, -3.91107e-09, -1.63799e-09, 1.80621e-09, 4.31096e-10, 1.53206e-09, -1.62703e-09, -5.21909e-09, -1.06558e-09, 3.99856e-09, 1.80673e-09, 8.06827e-10, -1.5228e-09, -1.18058e-11, -9.97656e-10, 1.63218e-09, 2.03323e-09, -3.96614e-10, 6.07984e-10, -7.99146e-10, -3.6435e-09, 1.61499e-09, 3.30163e-09, -1.06853e-09, 1.18862e-09, -1.15387e-09, -9.82133e-10, -3.61535e-10, 9.75218e-10, -1.57217e-09, 1.68204e-09, 2.01199e-09, -7.67658e-10, -2.95252e-09, 1.93142e-09, 1.66586e-09, -7.78905e-10, -8.95536e-10, 6.56819e-10, -1.98643e-09, 3.85792e-09, -2.54878e-09, -9.6981e-10, 2.6941e-09, 2.82789e-09, -6.33479e-10, -3.86097e-09, 2.05951e-09, 8.83325e-10, -6.88123e-10, 2.44405e-11, 2.50478e-09, -2.8739e-09, -9.92243e-10, -1.48305e-09, 4.22217e-11, 1.02669e-09, 2.57553e-09, ];
