R= [0.00149323, 0.00298603, 0.00447794, 0.00596851, 0.0074573, 0.00894388, 0.0104278, 0.0119086, 0.0133859, 0.0148592, 0.0163281, 0.0177922, 0.019251, 0.0207041, 0.0221511, 0.0235915, 0.025025, 0.0264511, 0.0278694, 0.0292795, 0.030681, 0.0320735, 0.0334566, 0.03483, 0.0361931, 0.0375458, 0.0388875, 0.0402179, 0.0415366, 0.0428433, 0.0441377, 0.0454193, 0.0466879, 0.0479431, 0.0491845, 0.050412, 0.051625, 0.0528234, 0.0540068, 0.055175, 0.0563276, 0.0574643, 0.058585, 0.0596893, 0.060777, 0.0618477, 0.0629014, 0.0639377, 0.0649565, 0.0659574, 0.0669404, 0.0679051, 0.0688514, 0.0697791, 0.0706881, 0.0715782, 0.0724491, 0.0733008, 0.0741331, 0.0749459, 0.0757391, 0.0765124, 0.0772659, 0.0779994, 0.0787129, 0.0794062, 0.0800793, 0.080732, 0.0813645, 0.0819765, 0.0825681, 0.0831392, 0.0836897, 0.0842198, 0.0847294, 0.0852184, 0.0856869, 0.0861349, 0.0865625, 0.0869695, 0.0873562, 0.0877225, 0.0880686, 0.0883944, 0.0887, 0.0889855, 0.089251, 0.0894966, 0.0897224, 0.0899285, 0.090115, 0.090282, 0.0904296, 0.0905581, 0.0906674, 0.0907579, 0.0908295, 0.0908826, 0.0909172, 0.0909335, 0.0909316, 0.0909119, 0.0908744, 0.0908193, 0.0907469, 0.0906573, 0.0905508, 0.0904275, 0.0902877, 0.0901316, 0.0899593, 0.0897713, 0.0895675, 0.0893484, 0.0891141, 0.0888649, 0.0886011, 0.0883227, 0.0880302, 0.0877238, 0.0874037, 0.0870702, 0.0867235, 0.0863639, 0.0859917, 0.0856071, 0.0852104, 0.0848019, 0.0843819, 0.0839505, 0.0835081, 0.0830549, 0.0825913, 0.0821175, 0.0816337, 0.0811403, 0.0806376, 0.0801257, 0.079605, 0.0790757, 0.0785381, 0.0779926, 0.0774393, 0.0768785, 0.0763106, 0.0757357, 0.0751542, 0.0745663, 0.0739723, 0.0733724, 0.072767, 0.0721562, 0.0715403, 0.0709197, 0.0702944, 0.0696649, 0.0690314, 0.068394, 0.0677531, 0.0671089, 0.0664616, 0.0658115, 0.0651588, 0.0645037, 0.0638465, 0.0631875, 0.0625267, 0.0618645, 0.0612011, 0.0605367, 0.0598715, 0.0592056, 0.0585395, 0.0578731, 0.0572067, 0.0565406, 0.0558749, 0.0552097, 0.0545454, 0.053882, 0.0532198, 0.0525588, 0.0518994, 0.0512417, 0.0505857, 0.0499318, 0.04928, 0.0486304, 0.0479834, 0.0473389, 0.0466971, 0.0460582, 0.0454223, 0.0447896, 0.0441601, 0.043534, 0.0429114, 0.0422924, 0.0416771, 0.0410657, 0.0404582, 0.0398548, 0.0392555, 0.0386604, 0.0380697, 0.0374834, 0.0369016, 0.0363244, 0.0357518, 0.035184, 0.0346209, 0.0340627, 0.0335095, 0.0329612, 0.032418, 0.0318799, 0.0313469, 0.0308192, 0.0302967, 0.0297794, 0.0292675, 0.0287609, 0.0282598, 0.027764, 0.0272737, 0.0267889, 0.0263096, 0.0258357, 0.0253674, 0.0249047, 0.0244475, 0.0239959, 0.0235498, 0.0231093, 0.0226744, 0.022245, 0.0218213, 0.0214031, 0.0209904, 0.0205834, 0.0201818, 0.0197858, 0.0193953, 0.0190103, 0.0186308, 0.0182567, 0.0178881, 0.0175249, 0.0171671, 0.0168147, 0.0164676, 0.0161258, 0.0157893, 0.015458, 0.0151319, 0.0148111, 0.0144953, 0.0141847, 0.0138792, 0.0135787, 0.0132831, 0.0129926, 0.0127069, 0.0124261, 0.0121501, 0.011879, 0.0116125, 0.0113507, 0.0110936, 0.0108411, 0.0105932, 0.0103497, 0.0101107, 0.00987609, 0.00964586, 0.00941993, 0.00919825, 0.00898079, 0.00876749, 0.00855829, 0.00835315, 0.00815201, 0.00795483, 0.00776155, 0.00757212, 0.00738649, 0.00720461, 0.00702643, 0.00685188, 0.00668094, 0.00651353, 0.00634961, 0.00618914, 0.00603205, 0.00587829, 0.00572782, 0.00558059, 0.00543654, 0.00529562, 0.00515778, 0.00502298, 0.00489116, 0.00476228, 0.00463629, 0.00451313, 0.00439275, 0.00427513, 0.00416018, 0.0040479, 0.0039382, 0.00383106, 0.00372643, 0.00362426, 0.0035245, 0.00342711, 0.00333206, 0.00323928, 0.00314874, 0.0030604, 0.00297421, 0.00289014, 0.00280814, 0.00272817, 0.00265018, 0.00257415, 0.00250002, 0.00242777, 0.00235735, 0.00228872, 0.00222185, 0.0021567, 0.00209323, 0.00203141, 0.0019712, 0.00191258, 0.00185549, 0.00179991, 0.00174581, 0.00169315, 0.00164191, 0.00159204, 0.00154352, 0.00149632, 0.0014504, 0.00140575, 0.00136232, 0.00132009, 0.00127904, 0.00123912, 0.00120033, 0.00116262, 0.00112597, 0.00109037, 0.00105578, 0.00102217, 0.000989531, 0.000957827, 0.000927042, 0.000897153, 0.00086813, 0.000839956, 0.000812614, 0.000786074, 0.000760321, 0.000735333, 0.000711092, 0.000687568, 0.000664764, 0.000642641, 0.000621188, 0.00060039, 0.000580225, 0.000560674, 0.000541729, 0.000523365, 0.000505574, 0.00048833, 0.00047163, 0.000455447, 0.000439776, 0.000424598, 0.000409902, 0.000395668, 0.000381892, 0.000368551, 0.000355644, 0.000343152, 0.00033106, 0.000319364, 0.000308046, 0.0002971, 0.00028651, 0.000276267, 0.000266369, 0.000256791, 0.00024753, 0.000238583, 0.000229934, 0.000221571, 0.000213494, 0.000205684, 0.000198144, 0.00019086, 0.000183819, 0.000177022, 0.000170456, 0.000164122, 0.000157999, 0.000152093, 0.000146391, 0.000140884, 0.000135572, 0.00013045, 0.000125501, 0.000120729, 0.000116129, 0.000111688, 0.000107408, 0.000103278, 9.92952e-05, 9.54598e-05, 9.17586e-05, 8.81927e-05, 8.47527e-05, 8.14452e-05, 7.82488e-05, 7.51708e-05, 7.22089e-05, 6.93554e-05, 6.66059e-05, 6.39569e-05, 6.14084e-05, 5.89504e-05, 5.65865e-05, 5.43116e-05, 5.21201e-05, 5.00104e-05, 4.79819e-05, 4.60235e-05, 4.41431e-05, 4.23368e-05, 4.05925e-05, 3.89191e-05, 3.73096e-05, 3.5754e-05, 3.42668e-05, 3.28312e-05, 3.1452e-05, 3.01234e-05, 2.88495e-05, 2.76214e-05, 2.6443e-05, 2.53088e-05, 2.42194e-05, 2.31678e-05, 2.21607e-05, 2.11895e-05, 2.0255e-05, 1.9361e-05, 1.84988e-05, 1.76655e-05, 1.68699e-05, 1.61014e-05, 1.53639e-05, 1.46517e-05, 1.39702e-05, 1.33092e-05, 1.26761e-05, 1.20675e-05, 1.14812e-05, 1.09133e-05, 1.03694e-05, 9.84489e-06, 9.33779e-06, 8.84877e-06, 8.37827e-06, 7.92033e-06, 7.48213e-06, 7.0563e-06, 6.64465e-06, 6.24482e-06, 5.86033e-06, 5.48258e-06, 5.12163e-06, 4.76959e-06, 4.42121e-06, 4.08877e-06, 3.76261e-06, 3.44543e-06, 3.13089e-06, 2.82713e-06, 2.52964e-06, 2.2334e-06, 1.94265e-06, 1.65698e-06, 1.37691e-06, 1.09786e-06, 8.23075e-07, 5.44833e-07, 2.75477e-07, ];
