psi= [-0.0145934, -0.029554, -0.0447293, -0.059964, -0.0751027, -0.0899921, -0.104483, -0.118434, -0.131712, -0.144193, -0.155768, -0.166341, -0.175829, -0.184166, -0.191303, -0.197207, -0.20186, -0.205262, -0.207427, -0.208383, -0.208172, -0.206848, -0.204477, -0.20113, -0.19689, -0.191843, -0.186081, -0.179695, -0.172783, -0.165436, -0.157748, -0.149808, -0.141701, -0.133507, -0.125301, -0.117153, -0.109122, -0.101264, -0.0936278, -0.0862526, -0.0791726, -0.0724149, -0.0660001, -0.059943, -0.0542525, -0.048933, -0.0439838, -0.0394008, -0.0351759, -0.0312986, -0.0277556, -0.0245318, -0.0216108, -0.018975, -0.016606, -0.0144854, -0.0125946, -0.0109152, -0.00942928, -0.00811947, -0.00696924, -0.00596289, -0.00508565, -0.00432372, -0.00366434, -0.00309573, -0.00260715, -0.0021888, -0.00183183, -0.00152831, -0.00127111, -0.00105392, -0.000871137, -0.000717829, -0.000589678, -0.000482915, -0.000394268, -0.000320907, -0.000260398, -0.000210653, -0.000169891, -0.0001366, -0.000109499, -8.75084e-05, -6.97224e-05, -5.53833e-05, -4.38604e-05, -3.46301e-05, -2.726e-05, -2.13939e-05, -1.67396e-05, -1.30586e-05, -1.01566e-05, -7.87579e-06, -6.08893e-06, -4.69342e-06, -3.60695e-06, -2.76373e-06, -2.11133e-06, -1.60814e-06, -1.22124e-06, -9.24668e-07, -6.98043e-07, -5.254e-07, -3.94287e-07, -2.95018e-07, -2.2009e-07, -1.63707e-07, -1.2141e-07, -8.9776e-08, -6.6189e-08, -4.86556e-08, -3.56616e-08, -2.60611e-08, -1.89893e-08, -1.37959e-08, -9.99354e-09, -7.21796e-09, -5.19801e-09, -3.73241e-09, -2.67222e-09, -1.90759e-09, -1.35778e-09, -9.63625e-10, -6.81898e-10, -4.81133e-10, -3.38491e-10, -2.37446e-10, -1.6608e-10, -1.15827e-10, -8.05455e-11, -5.58485e-11, -3.8612e-11, -2.66179e-11, -1.82965e-11, -1.25402e-11, -8.57004e-12, -5.83991e-12, -3.96803e-12, -2.68837e-12, -1.81614e-12, -1.22337e-12, -8.21697e-13, -5.5032e-13, -3.6751e-13, -2.44721e-13, -1.6249e-13, -1.0758e-13, -7.10212e-14, -4.67518e-14, -3.06875e-14, -2.00854e-14, -1.31085e-14, -8.53061e-15, -5.5356e-15, -3.58184e-15, -2.31102e-15, -1.48683e-15, -9.53843e-16, -6.10172e-16, -3.89213e-16, -2.47562e-16, -1.57015e-16, -9.93028e-17, -6.26244e-17, -3.93813e-17, -2.46945e-17, -1.5441e-17, -9.62751e-18, -5.98577e-18, -3.71101e-18, -2.2942e-18, -1.41429e-18, -8.6939e-19, -5.32917e-19, -3.25742e-19, -1.98545e-19, -1.20674e-19, -7.31377e-20, -4.42019e-20, -2.66387e-20, -1.60087e-20, -9.59343e-21, -5.73278e-21, -3.41608e-21, -2.02988e-21, -1.20277e-21, -7.10693e-22, -4.18732e-22, -2.46023e-22, -1.44121e-22, -8.41731e-23, -4.90167e-23, -2.84388e-23, -1.64526e-23, -9.46794e-24, -5.44284e-24, -3.12287e-24, -1.77604e-24, -9.84026e-25, -5.52452e-25, -3.17849e-25, -1.79096e-25, -8.29523e-26, -6.34096e-26, -3.67228e-26, -2.75858e-26, 2.46749e-26, 2.08152e-26, 4.0982e-26, 4.01173e-26, 8.82264e-27, -7.36568e-27, 3.06789e-28, -2.1232e-26, 7.18313e-27, -5.29441e-27, 2.89477e-26, 1.06363e-26, 4.0769e-26, -7.77538e-27, -7.81609e-27, -2.58962e-26, -2.55222e-26, -5.21222e-26, -2.57812e-26, 4.9469e-27, 3.67566e-26, 5.08127e-26, 5.41146e-26, 5.23074e-26, 4.232e-26, 1.25154e-26, -1.84727e-26, -7.05478e-27, -3.49081e-26, -2.12088e-26, -2.22479e-26, -1.02634e-26, 1.08355e-26, 4.09761e-26, 5.41162e-26, 4.59762e-26, 4.63256e-26, 2.46384e-26, 1.93497e-26, -4.25166e-27, 4.27092e-27, -7.56723e-27, -2.1004e-27, 0, 0, 0, 0, 0, 0, 0, 0, 0, 0, 0, 0, 0, 0, 0, 0, 0, 0, 0, 0, 0, 0, 0, 0, 0, 0, 0, 0, 0, 0, 0, 0, 0, 0, 0, 0, 0, 0, 0, 0, 0, 0, 0, 0, 0, 0, 0, 0, 0, 0, 0, 0, 0, 0, 0, 0, 0, 0, 0, 0, 0, 0, 0, 0, 0, 0, 0, 0, 0, 0, 0, 0, 0, 0, 0, 0, 0, 0, 0, 0, 0, 0, 0, 0, 0, 0, 0, 0, 0, 0, 0, 0, 0, 0, 0, 0, 0, 0, 0, 0, 0, 0, 0, 0, 0, 0, 0, 0, 0, 0, 0, 0, 0, 0, 0, 0, 0, 0, 0, 0, 0, 0, 0, 0, 0, 0, 0, 0, 0, 0, 0, 0, 0, 0, 0, 0, 0, 0, 0, 0, 0, 0, 0, 0, 0, 0, 0, 0, 0, 0, 0, 0, 0, 0, 0, 0, 0, 0, 0, 0, 0, 0, 0, 0, 0, 0, 0, 0, 0, 0, 0, 0, 0, 0, 0, 0, 0, 0, 0, 0, 0, 0, 0, 0, 0, 0, 0, 0, 0, 0, 0, 0, 0, 0, 0, 0, 0, 0, 0, 0, 0, 0, 0, 0, 0, 0, 0, 0, 0, 0, 0, 0, 0, 0, 0, 0, 0, 0, 0, 0, 0, 0, 0, 0, 0, 0, 0, 0, 0, 0, 0, 0, 0, 0, 0, 0, 0, 0, 0, 0, 0, 0, 0, 0, 0, 0, 0, 0, 0, 0, ];
