R= [5.47595e-05, 0.000111952, 0.000171624, 0.000233794, 0.00029852, 0.000365822, 0.000435748, 0.000508323, 0.000583589, 0.000661574, 0.000742326, 0.000825871, 0.000912245, 0.00100148, 0.00109361, 0.00118867, 0.00128669, 0.00138772, 0.00149176, 0.00159887, 0.00170907, 0.00182238, 0.00193885, 0.00205849, 0.00218136, 0.00230745, 0.00243683, 0.00256948, 0.00270547, 0.00284481, 0.00298752, 0.00313363, 0.00328316, 0.00343615, 0.00359262, 0.00375258, 0.00391606, 0.00408309, 0.00425367, 0.00442784, 0.00460562, 0.00478701, 0.00497205, 0.00516074, 0.00535312, 0.00554918, 0.00574895, 0.00595244, 0.00615967, 0.00637064, 0.00658538, 0.00680388, 0.00702617, 0.00725225, 0.00748214, 0.00771583, 0.00795334, 0.00819467, 0.00843983, 0.00868882, 0.00894164, 0.00919831, 0.00945881, 0.00972316, 0.00999135, 0.0102634, 0.0105392, 0.0108189, 0.0111025, 0.0113898, 0.011681, 0.011976, 0.0122748, 0.0125774, 0.0128838, 0.0131939, 0.0135078, 0.0138255, 0.0141469, 0.014472, 0.0148009, 0.0151334, 0.0154696, 0.0158094, 0.0161529, 0.0165, 0.0168506, 0.0172048, 0.0175626, 0.0179239, 0.0182887, 0.0186569, 0.0190286, 0.0194036, 0.019782, 0.0201638, 0.0205489, 0.0209372, 0.0213288, 0.0217236, 0.0221215, 0.0225226, 0.0229267, 0.0233339, 0.0237441, 0.0241572, 0.0245733, 0.0249922, 0.025414, 0.0258385, 0.0262658, 0.0266957, 0.0271283, 0.0275635, 0.0280012, 0.0284414, 0.0288839, 0.0293289, 0.0297762, 0.0302257, 0.0306774, 0.0311313, 0.0315872, 0.0320452, 0.0325051, 0.0329669, 0.0334305, 0.0338959, 0.034363, 0.0348318, 0.0353021, 0.0357739, 0.0362471, 0.0367217, 0.0371976, 0.0376747, 0.0381529, 0.0386323, 0.0391126, 0.0395938, 0.0400759, 0.0405588, 0.0410424, 0.0415265, 0.0420113, 0.0424965, 0.042982, 0.0434679, 0.043954, 0.0444403, 0.0449265, 0.0454128, 0.045899, 0.046385, 0.0468707, 0.047356, 0.0478409, 0.0483252, 0.048809, 0.049292, 0.0497743, 0.0502556, 0.050736, 0.0512153, 0.0516935, 0.0521705, 0.0526461, 0.0531203, 0.053593, 0.0540641, 0.0545335, 0.0550011, 0.0554669, 0.0559307, 0.0563924, 0.056852, 0.0573094, 0.0577644, 0.058217, 0.0586671, 0.0591145, 0.0595593, 0.0600013, 0.0604404, 0.0608765, 0.0613096, 0.0617395, 0.0621661, 0.0625894, 0.0630092, 0.0634255, 0.0638382, 0.0642471, 0.0646523, 0.0650536, 0.0654508, 0.065844, 0.066233, 0.0666178, 0.0669982, 0.0673742, 0.0677456, 0.0681124, 0.0684745, 0.0688318, 0.0691843, 0.0695317, 0.0698741, 0.0702114, 0.0705434, 0.0708702, 0.0711915, 0.0715074, 0.0718177, 0.0721223, 0.0724212, 0.0727143, 0.0730016, 0.0732828, 0.073558, 0.0738271, 0.07409, 0.0743466, 0.0745969, 0.0748407, 0.075078, 0.0753088, 0.0755329, 0.0757503, 0.0759608, 0.0761646, 0.0763614, 0.0765512, 0.0767339, 0.0769096, 0.077078, 0.0772392, 0.077393, 0.0775395, 0.0776785, 0.0778101, 0.0779341, 0.0780505, 0.0781592, 0.0782601, 0.0783534, 0.0784388, 0.0785163, 0.0785858, 0.0786474, 0.078701, 0.0787465, 0.0787839, 0.0788132, 0.0788342, 0.078847, 0.0788515, 0.0788478, 0.0788356, 0.0788151, 0.0787861, 0.0787487, 0.0787028, 0.0786484, 0.0785855, 0.078514, 0.0784339, 0.0783451, 0.0782478, 0.0781417, 0.078027, 0.0779036, 0.0777715, 0.0776306, 0.077481, 0.0773226, 0.0771555, 0.0769796, 0.0767949, 0.0766014, 0.0763992, 0.0761881, 0.0759682, 0.0757396, 0.0755021, 0.0752558, 0.0750008, 0.0747369, 0.0744643, 0.074183, 0.0738928, 0.0735939, 0.0732863, 0.07297, 0.072645, 0.0723113, 0.0719689, 0.0716179, 0.0712583, 0.0708901, 0.0705134, 0.070128, 0.0697342, 0.069332, 0.0689212, 0.0685021, 0.0680746, 0.0676387, 0.0671945, 0.0667421, 0.0662815, 0.0658127, 0.0653357, 0.0648507, 0.0643576, 0.0638565, 0.0633475, 0.0628306, 0.0623058, 0.0617733, 0.061233, 0.060685, 0.0601295, 0.0595663, 0.0589957, 0.0584177, 0.0578323, 0.0572395, 0.0566396, 0.0560324, 0.0554182, 0.0547969, 0.0541687, 0.0535335, 0.0528916, 0.0522429, 0.0515875, 0.0509256, 0.0502571, 0.0495822, 0.048901, 0.0482135, 0.0475198, 0.04682, 0.0461142, 0.0454025, 0.0446849, 0.0439615, 0.0432325, 0.042498, 0.0417579, 0.0410124, 0.0402617, 0.0395057, 0.0387446, 0.0379785, 0.0372075, 0.0364317, 0.0356511, 0.0348659, 0.0340762, 0.0332821, 0.0324837, 0.031681, 0.0308742, 0.0300634, 0.0292487, 0.0284302, 0.0276079, 0.0267821, 0.0259528, 0.0251202, 0.0242842, 0.0234451, 0.0226029, 0.0217578, 0.0209099, 0.0200592, 0.0192059, 0.0183501, 0.0174919, 0.0166314, 0.0157688, 0.0149041, 0.0140375, 0.013169, 0.0122989, 0.0114271, 0.0105538, 0.00967915, 0.00880324, 0.00792619, 0.0070481, 0.0061691, 0.00528929, 0.00440879, 0.00352772, 0.00264619, 0.00176432, 0.00088222, ];
