psi= [-0.0162922, -0.032467, -0.0484086, -0.0640039, -0.0791438, -0.0937247, -0.10765, -0.120829, -0.133183, -0.144638, -0.155135, -0.164623, -0.173061, -0.18042, -0.186683, -0.191844, -0.195905, -0.198881, -0.200796, -0.201683, -0.201582, -0.200541, -0.198616, -0.195865, -0.192355, -0.188152, -0.183328, -0.177954, -0.172104, -0.165848, -0.15926, -0.152407, -0.145357, -0.138173, -0.130916, -0.123641, -0.116401, -0.109242, -0.102206, -0.095331, -0.0886499, -0.0821903, -0.0759755, -0.0700243, -0.0643512, -0.0589668, -0.0538778, -0.0490878, -0.044597, -0.040403, -0.0365011, -0.0328844, -0.029544, -0.0264699, -0.0236507, -0.0210742, -0.0187274, -0.0165969, -0.0146692, -0.0129306, -0.0113676, -0.00996692, -0.00871563, -0.00760126, -0.00661188, -0.00573614, -0.00496334, -0.00428342, -0.00368699, -0.00316535, -0.00271045, -0.0023149, -0.00197197, -0.0016755, -0.00141993, -0.00120025, -0.00101195, -0.000850994, -0.000713802, -0.000597188, -0.000498339, -0.000414777, -0.000344329, -0.000285096, -0.000235424, -0.000193876, -0.00015921, -0.000130355, -0.00010639, -8.65232e-05, -7.00797e-05, -5.6482e-05, -4.52376e-05, -3.59263e-05, -2.81891e-05, -2.17176e-05, -1.62453e-05, -1.15385e-05, -7.3884e-06, -3.60316e-06, ];
rho= [0, 0.0490196, 0.0980392, 0.147059, 0.196078, 0.245098, 0.294118, 0.343137, 0.392157, 0.441176, 0.490196, 0.539216, 0.588235, 0.637255, 0.686275, 0.735294, 0.784314, 0.833333, 0.882353, 0.931373, 0.980392, 1.02941, 1.07843, 1.12745, 1.17647, 1.22549, 1.27451, 1.32353, 1.37255, 1.42157, 1.47059, 1.51961, 1.56863, 1.61765, 1.66667, 1.71569, 1.76471, 1.81373, 1.86275, 1.91176, 1.96078, 2.0098, 2.05882, 2.10784, 2.15686, 2.20588, 2.2549, 2.30392, 2.35294, 2.40196, 2.45098, 2.5, 2.54902, 2.59804, 2.64706, 2.69608, 2.7451, 2.79412, 2.84314, 2.89216, 2.94118, 2.9902, 3.03922, 3.08824, 3.13725, 3.18627, 3.23529, 3.28431, 3.33333, 3.38235, 3.43137, 3.48039, 3.52941, 3.57843, 3.62745, 3.67647, 3.72549, 3.77451, 3.82353, 3.87255, 3.92157, 3.97059, 4.01961, 4.06863, 4.11765, 4.16667, 4.21569, 4.26471, 4.31373, 4.36275, 4.41176, 4.46078, 4.5098, 4.55882, 4.60784, 4.65686, 4.70588, 4.7549, 4.80392, 4.85294, 4.90196, 4.95098, ];
plot(rho(),psi.*psi)
