%% Plotting the lowest eigenvaluestates for the single electron case
% rho_max = 7
R1_8 = [0.00968732, 0.0193398, 0.0289226, 0.0384017, 0.0477434, 0.0569147, 0.065884, 0.0746207, 0.0830954, 0.0912806, 0.09915, 0.10668, 0.113847, 0.120632, 0.127017, 0.132985, 0.138524, 0.143621, 0.148268, 0.152458, 0.156187, 0.159453, 0.162255, 0.164597, 0.166483, 0.167919, 0.168913, 0.169477, 0.169622, 0.169362, 0.168712, 0.167687, 0.166306, 0.164588, 0.162551, 0.160215, 0.157602, 0.154732, 0.151627, 0.148308, 0.144798, 0.141116, 0.137286, 0.133327, 0.12926, 0.125105, 0.120881, 0.116606, 0.112299, 0.107976, 0.103654, 0.0993469, 0.0950695, 0.0908346, 0.0866546, 0.0825404, 0.0785022, 0.074549, 0.0706889, 0.066929, 0.0632755, 0.0597336, 0.0563077, 0.0530012, 0.0498168, 0.0467566, 0.0438216, 0.0410124, 0.038329, 0.0357707, 0.0333363, 0.0310241, 0.0288321, 0.0267579, 0.0247985, 0.022951, 0.0212119, 0.0195779, 0.018045, 0.0166096, 0.0152676, 0.0140151, 0.012848, 0.0117623, 0.0107539, 0.00981877, 0.00895301, 0.00815272, 0.00741411, 0.00673348, 0.00610726, 0.00553195, 0.00500425, 0.00452094, 0.00407894, 0.00367534, 0.00330735, 0.00297232, 0.00266775, 0.00239127, 0.00214067, 0.00191384, 0.00170884, 0.00152381, 0.00135707, 0.00120702, 0.00107218, 0.000951173, 0.000842747, 0.00074572, 0.000659017, 0.000581655, 0.000512711, 0.00045137, 0.000396859, 0.000348486, 0.000305619, 0.000267684, 0.000234164, 0.000204578, 0.000178505, 0.000155557, 0.000135387, 0.000117687, 0.000102168, 8.85896e-05, 7.67104e-05, 6.63491e-05, 5.73086e-05, 4.94402e-05, 4.25986e-05, 3.66569e-05, 3.15016e-05, 2.70442e-05, 2.31832e-05, 1.9846e-05, 1.69759e-05, 1.44971e-05, 1.23659e-05, 1.05408e-05, 8.96121e-06, 7.61863e-06, 6.46828e-06, 5.48348e-06, 4.64006e-06, 3.92572e-06, 3.31307e-06, 2.79657e-06, 2.35795e-06, 1.98355e-06, 1.6668e-06, 1.40015e-06, 1.17404e-06, 9.83359e-07, 8.21701e-07, 6.87956e-07, 5.71412e-07, 4.76693e-07, 3.97207e-07, 3.30402e-07, 2.71135e-07, 2.26176e-07, 1.86591e-07, 1.52325e-07, 1.28041e-07, 1.03854e-07, 8.39767e-08, 7.26324e-08, 5.92585e-08, 4.65473e-08, 4.07059e-08, 3.0889e-08, 2.75402e-08, 2.37744e-08, 1.84286e-08, 1.16528e-08, 1.34374e-08, 1.203e-08, 1.08409e-08, 4.23129e-09, 7.01523e-09, 4.65562e-09, 5.32936e-09, 4.51525e-09, 1.31611e-09, 3.19991e-09, 2.69634e-09, 4.62646e-09, -1.83173e-09, 1.46836e-09, 4.12335e-09, 1.72825e-09, 3.589e-10, 2.07612e-09, -6.04041e-10, 3.28826e-09, -3.54209e-10, -6.84834e-10, -1.91369e-10, 1.12667e-09, ];
R2_8= [-0.0118587, -0.0236178, -0.0351785, -0.046444, -0.0573203, -0.067717, -0.0775481, -0.086733, -0.095197, -0.102872, -0.109698, -0.11562, -0.120595, -0.124586, -0.127565, -0.129514, -0.130422, -0.130288, -0.129121, -0.126935, -0.123756, -0.119615, -0.114553, -0.108616, -0.101856, -0.0943313, -0.0861063, -0.0772482, -0.0678283, -0.0579206, -0.0476013, -0.036948, -0.0260387, -0.0149515, -0.00376353, 0.00744939, 0.0186136, 0.0296582, 0.0405153, 0.0511207, 0.0614145, 0.0713411, 0.0808496, 0.0898943, 0.0984344, 0.106435, 0.113866, 0.120702, 0.126925, 0.132521, 0.137481, 0.141802, 0.145484, 0.148532, 0.150957, 0.152771, 0.153993, 0.154642, 0.154742, 0.154318, 0.153398, 0.152012, 0.150192, 0.147969, 0.145376, 0.142448, 0.139217, 0.135717, 0.131982, 0.128044, 0.123935, 0.119685, 0.115324, 0.11088, 0.10638, 0.101849, 0.0973097, 0.0927851, 0.0882949, 0.0838572, 0.0794888, 0.0752045, 0.0710173, 0.0669389, 0.0629791, 0.0591461, 0.055447, 0.0518871, 0.0484706, 0.0452004, 0.0420783, 0.0391051, 0.0362806, 0.0336037, 0.0310725, 0.0286847, 0.026437, 0.0243259, 0.0223472, 0.0204966, 0.0187693, 0.0171603, 0.0156647, 0.014277, 0.012992, 0.0118044, 0.0107089, 0.00970021, 0.00877314, 0.00792266, 0.00714385, 0.00643192, 0.00578229, 0.00519055, 0.00465245, 0.004164, 0.00372135, 0.00332088, 0.00295919, 0.00263306, 0.00233948, 0.00207564, 0.0018389, 0.00162683, 0.00143716, 0.00126779, 0.0011168, 0.000982393, 0.00086294, 0.000756955, 0.000663041, 0.000579973, 0.000506606, 0.000441894, 0.000384917, 0.000334824, 0.000290845, 0.000252292, 0.000218551, 0.000189063, 0.000163327, 0.000140898, 0.000121389, 0.000104436, 8.97301e-05, 7.69871e-05, 6.59682e-05, 5.64456e-05, 4.82367e-05, 4.11607e-05, 3.50839e-05, 2.98576e-05, 2.53763e-05, 2.1538e-05, 1.8256e-05, 1.54591e-05, 1.30667e-05, 1.10361e-05, 9.305e-06, 7.83442e-06, 6.58293e-06, 5.53478e-06, 4.64027e-06, 3.88809e-06, 3.24952e-06, 2.715e-06, 2.26873e-06, 1.89091e-06, 1.57044e-06, 1.30746e-06, 1.0857e-06, 8.99177e-07, 7.43897e-07, 6.13563e-07, 5.10182e-07, 4.15928e-07, 3.43344e-07, 2.81903e-07, 2.3802e-07, 1.89106e-07, 1.52575e-07, 1.30446e-07, 1.06402e-07, 8.29584e-08, 6.87189e-08, 5.94934e-08, 4.58131e-08, 3.58363e-08, 2.847e-08, 2.75612e-08, 2.17843e-08, 1.14367e-08, 1.25591e-08, 1.1819e-08, 7.20725e-09, 6.92279e-09, 1.26025e-09, 5.67738e-09, 3.99474e-09, -2.23216e-09, ];
R3_8= [0.013252, 0.0263289, 0.0390584, 0.0512727, 0.0628112, 0.0735225, 0.0832669, 0.0919177, 0.0993634, 0.105509, 0.110276, 0.113606, 0.11546, 0.115818, 0.114679, 0.112063, 0.108009, 0.102574, 0.0958317, 0.0878744, 0.0788075, 0.0687502, 0.057833, 0.0461963, 0.0339881, 0.0213617, 0.00847404, -0.00451659, -0.0174527, -0.0301795, -0.042547, -0.0544117, -0.0656382, -0.0761012, -0.0856862, -0.0942911, -0.101827, -0.10822, -0.113409, -0.117349, -0.120011, -0.121379, -0.121453, -0.120247, -0.117789, -0.11412, -0.109292, -0.10337, -0.0964256, -0.0885422, -0.0798088, -0.0703209, -0.0601788, -0.0494858, -0.0383475, -0.0268702, -0.0151596, -0.00331982, 0.00854767, 0.0203452, 0.0319797, 0.0433636, 0.0544153, 0.0650599, 0.0752297, 0.0848646, 0.093912, 0.102327, 0.110074, 0.117123, 0.123453, 0.12905, 0.133908, 0.138027, 0.141414, 0.14408, 0.146044, 0.147329, 0.14796, 0.14797, 0.147391, 0.146261, 0.144618, 0.142502, 0.139954, 0.137017, 0.133732, 0.130141, 0.126284, 0.122203, 0.117936, 0.113519, 0.10899, 0.10438, 0.0997228, 0.0950464, 0.0903781, 0.0857428, 0.0811629, 0.0766584, 0.0722472, 0.0679448, 0.0637647, 0.0597182, 0.0558146, 0.0520614, 0.0484644, 0.0450276, 0.0417536, 0.0386437, 0.0356979, 0.0329149, 0.0302928, 0.0278285, 0.0255182, 0.0233577, 0.021342, 0.0194659, 0.0177235, 0.0161091, 0.0146165, 0.0132395, 0.0119718, 0.0108073, 0.0097397, 0.00876296, 0.00787113, 0.00705845, 0.00631934, 0.00564843, 0.00504061, 0.00449096, 0.00399487, 0.00354792, 0.003146, 0.00278523, 0.00246196, 0.00217283, 0.00191468, 0.00168458, 0.00147986, 0.00129804, 0.00113681, 0.000994104, 0.000867993, 0.000756733, 0.000658753, 0.000572596, 0.00049696, 0.000430683, 0.000372687, 0.000322023, 0.000277842, 0.00023937, 0.000205922, 0.000176891, 0.000151731, 0.000129956, 0.000111159, 9.4936e-05, 8.09577e-05, 6.89442e-05, 5.86296e-05, 4.97894e-05, 4.22152e-05, 3.57466e-05, 3.02261e-05, 2.55211e-05, 2.15168e-05, 1.81161e-05, 1.52365e-05, 1.27904e-05, 1.07274e-05, 8.97767e-06, 7.51013e-06, 6.27534e-06, 5.22668e-06, 4.35196e-06, 3.61907e-06, 3.00145e-06, 2.49019e-06, 2.06301e-06, 1.70335e-06, 1.4051e-06, 1.16336e-06, 9.52442e-07, 7.8483e-07, 6.44097e-07, 5.22864e-07, 4.29572e-07, 3.53201e-07, 2.79763e-07, 2.29221e-07, 1.86916e-07, 1.42012e-07, 1.11947e-07, 8.30848e-08, 6.02718e-08, 3.84261e-08, 1.65579e-08, ];
