%% Two electron case, several states
R1= [0.00584911, 0.0116875, 0.0175044, 0.0232891, 0.0290313, 0.0347203, 0.040346, 0.0458982, 0.0513673, 0.0567434, 0.0620174, 0.0671803, 0.0722233, 0.0771381, 0.0819169, 0.086552, 0.0910363, 0.0953632, 0.0995265, 0.10352, 0.107339, 0.110979, 0.114435, 0.117703, 0.12078, 0.123664, 0.126351, 0.128841, 0.131133, 0.133224, 0.135116, 0.136808, 0.138301, 0.139597, 0.140697, 0.141602, 0.142317, 0.142843, 0.143183, 0.143343, 0.143325, 0.143134, 0.142775, 0.142252, 0.141572, 0.140738, 0.139758, 0.138637, 0.137381, 0.135997, 0.13449, 0.132867, 0.131135, 0.1293, 0.127369, 0.125348, 0.123245, 0.121065, 0.118816, 0.116504, 0.114135, 0.111716, 0.109252, 0.106751, 0.104218, 0.101658, 0.0990774, 0.0964818, 0.0938765, 0.0912663, 0.0886563, 0.0860511, 0.0834553, 0.0808729, 0.0783082, 0.0757649, 0.0732466, 0.0707567, 0.0682984, 0.0658746, 0.0634879, 0.0611409, 0.0588359, 0.0565748, 0.0543597, 0.0521921, 0.0500734, 0.048005, 0.0459879, 0.044023, 0.0421111, 0.0402526, 0.0384481, 0.0366978, 0.0350017, 0.0333599, 0.0317721, 0.0302382, 0.0287577, 0.0273302, 0.0259551, 0.0246316, 0.023359, 0.0221366, 0.0209633, 0.0198383, 0.0187604, 0.0177288, 0.0167421, 0.0157994, 0.0148994, 0.0140409, 0.0132227, 0.0124436, 0.0117024, 0.0109977, 0.0103283, 0.0096931, 0.00909069, 0.00851991, 0.00797952, 0.00746832, 0.00698513, 0.00652876, 0.00609808, 0.00569196, 0.0053093, 0.00494902, 0.00461009, 0.00429148, 0.00399221, 0.00371132, 0.00344788, 0.003201, 0.00296982, 0.00275349, 0.00255122, 0.00236223, 0.00218579, 0.00202119, 0.00186774, 0.0017248, 0.00159174, 0.00146798, 0.00135294, 0.0012461, 0.00114694, 0.00105497, 0.000969742, 0.000890804, 0.000817757, 0.000750214, 0.000687788, 0.000630149, 0.000576958, 0.00052791, 0.000482715, 0.000441099, 0.000402804, 0.000367598, 0.000335243, 0.000305532, 0.000278273, 0.000253282, 0.000230374, 0.000209401, 0.000190216, 0.000172662, 0.000156624, 0.000141977, 0.000128612, 0.000116416, 0.000105306, 9.51794e-05, 8.59656e-05, 7.75805e-05, 6.9951e-05, 6.30187e-05, 5.67214e-05, 5.09967e-05, 4.58051e-05, 4.10897e-05, 3.68059e-05, 3.29269e-05, 2.93965e-05, 2.6192e-05, 2.32834e-05, 2.06371e-05, 1.82191e-05, 1.60212e-05, 1.40047e-05, 1.21537e-05, 1.04552e-05, 8.87802e-06, 7.40995e-06, 6.04024e-06, 4.7398e-06, 3.50183e-06, 2.30911e-06, 1.14833e-06, ];
R2= [-0.00716189, -0.0142931, -0.021363, -0.0283414, -0.0351984, -0.0419048, -0.048432, -0.0547525, -0.0608395, -0.0666675, -0.0722121, -0.0774503, -0.0823605, -0.0869228, -0.0911188, -0.0949317, -0.0983467, -0.101351, -0.103932, -0.106082, -0.107793, -0.10906, -0.109879, -0.110248, -0.110169, -0.109642, -0.108674, -0.107269, -0.105436, -0.103184, -0.100525, -0.0974702, -0.0940352, -0.0902355, -0.086088, -0.0816109, -0.0768236, -0.0717463, -0.0664002, -0.0608073, -0.0549902, -0.0489719, -0.0427761, -0.0364266, -0.0299473, -0.0233623, -0.0166957, -0.00997142, -0.00321296, 0.00355638, 0.0103138, 0.0170371, 0.0237046, 0.0302954, 0.0367895, 0.0431676, 0.0494115, 0.0555037, 0.0614279, 0.0671691, 0.0727129, 0.0780465, 0.0831581, 0.0880369, 0.0926736, 0.0970599, 0.101189, 0.105054, 0.108651, 0.111977, 0.115028, 0.117804, 0.120303, 0.122528, 0.124479, 0.126159, 0.127571, 0.128721, 0.129612, 0.130252, 0.130645, 0.1308, 0.130725, 0.130427, 0.129915, 0.129198, 0.128286, 0.127189, 0.125915, 0.124476, 0.122882, 0.121143, 0.119269, 0.117271, 0.11516, 0.112944, 0.110635, 0.108242, 0.105775, 0.103244, 0.100658, 0.0980254, 0.0953553, 0.0926562, 0.0899358, 0.0872021, 0.0844621, 0.081723, 0.0789913, 0.0762731, 0.0735743, 0.0709003, 0.0682561, 0.0656464, 0.0630754, 0.0605471, 0.058065, 0.0556322, 0.0532517, 0.0509259, 0.048657, 0.0464468, 0.044297, 0.0422088, 0.0401832, 0.0382211, 0.0363227, 0.0344886, 0.0327186, 0.0310128, 0.0293707, 0.0277918, 0.0262756, 0.0248212, 0.0234276, 0.0220938, 0.0208187, 0.019601, 0.0184394, 0.0173324, 0.0162786, 0.0152765, 0.0143246, 0.0134211, 0.0125646, 0.0117534, 0.0109858, 0.0102602, 0.00957499, 0.0089285, 0.00831914, 0.00774532, 0.00720545, 0.006698, 0.00622146, 0.00577435, 0.00535522, 0.00496268, 0.00459537, 0.00425197, 0.00393118, 0.00363179, 0.00335261, 0.00309249, 0.00285033, 0.00262508, 0.00241572, 0.0022213, 0.00204088, 0.0018736, 0.0017186, 0.0015751, 0.00144234, 0.00131959, 0.00120619, 0.00110148, 0.00100485, 0.000915732, 0.000833579, 0.000757878, 0.000688143, 0.000623917, 0.000564782, 0.000510315, 0.000460154, 0.000413927, 0.000371299, 0.000331954, 0.000295594, 0.000261931, 0.000230687, 0.000201615, 0.000174471, 0.000149017, 0.000125028, 0.000102291, 8.05873e-05, 5.97122e-05, 3.94581e-05, 1.96246e-05, ];
R3= [0.00800618, 0.0159584, 0.0238031, 0.0314876, 0.03896, 0.0461703, 0.0530701, 0.0596132, 0.0657561, 0.071458, 0.076681, 0.0813908, 0.0855565, 0.0891512, 0.0921518, 0.0945391, 0.0962986, 0.0974196, 0.097896, 0.097726, 0.0969122, 0.0954614, 0.0933847, 0.0906973, 0.0874184, 0.083571, 0.0791816, 0.0742804, 0.0689005, 0.063078, 0.0568519, 0.0502632, 0.0433551, 0.0361726, 0.028762, 0.0211709, 0.0134474, 0.00564026, -0.00220186, -0.0100304, -0.0177974, -0.0254557, -0.0329593, -0.0402637, -0.0473261, -0.0541055, -0.0605634, -0.0666633, -0.0723718, -0.0776578, -0.0824934, -0.0868537, -0.0907169, -0.0940645, -0.0968812, -0.0991551, -0.100878, -0.102043, -0.102651, -0.1027, -0.102196, -0.101147, -0.0995616, -0.0974539, -0.0948393, -0.0917362, -0.0881648, -0.084148, -0.0797102, -0.0748778, -0.0696786, -0.0641417, -0.0582974, -0.0521769, -0.0458121, -0.0392353, -0.0324792, -0.0255766, -0.01856, -0.0114619, -0.00431403, 0.00285227, 0.0100065, 0.0171193, 0.024162, 0.0311074, 0.0379296, 0.044604, 0.0511075, 0.0574186, 0.0635173, 0.0693855, 0.0750067, 0.0803659, 0.0854502, 0.0902482, 0.0947503, 0.0989486, 0.102837, 0.106411, 0.109667, 0.112604, 0.115222, 0.117522, 0.119508, 0.121183, 0.122553, 0.123624, 0.124403, 0.124898, 0.125119, 0.125076, 0.124779, 0.12424, 0.123469, 0.122479, 0.121283, 0.119892, 0.11832, 0.116581, 0.114685, 0.112647, 0.11048, 0.108196, 0.105806, 0.103325, 0.100763, 0.0981326, 0.0954442, 0.0927088, 0.0899369, 0.0871384, 0.0843227, 0.0814986, 0.0786748, 0.0758591, 0.0730589, 0.0702811, 0.0675322, 0.0648181, 0.0621441, 0.0595151, 0.0569356, 0.0544095, 0.0519403, 0.049531, 0.0471844, 0.0449025, 0.0426872, 0.0405401, 0.0384622, 0.0364544, 0.034517, 0.0326504, 0.0308545, 0.0291289, 0.0274732, 0.0258865, 0.024368, 0.0229165, 0.0215309, 0.0202096, 0.0189513, 0.0177543, 0.0166169, 0.0155374, 0.0145139, 0.0135445, 0.0126274, 0.0117606, 0.0109421, 0.01017, 0.00944231, 0.00875708, 0.00811236, 0.00750624, 0.00693682, 0.00640224, 0.00590066, 0.0054303, 0.00498939, 0.00457622, 0.00418911, 0.00382644, 0.00348662, 0.0031681, 0.00286937, 0.00258898, 0.00232549, 0.00207751, 0.00184369, 0.00162269, 0.00141321, 0.00121397, 0.0010237, 0.000841144, 0.000665049, 0.000494161, 0.000327221, 0.000162935, ];
