%% Rho = 18, omega = 0.01 required big rho to get a stable solution
psi_001= [-0.000543775, -0.00110663, -0.00168847, -0.0022892, -0.00290868, -0.00354678, -0.00420336, -0.00487823, -0.00557121, -0.00628211, -0.00701071, -0.00775677, -0.00852006, -0.00930032, -0.0100973, -0.0109106, -0.0117401, -0.0125853, -0.013446, -0.0143217, -0.0152123, -0.0161172, -0.017036, -0.0179685, -0.0189142, -0.0198726, -0.0208434, -0.021826, -0.0228201, -0.0238251, -0.0248406, -0.0258661, -0.0269012, -0.0279452, -0.0289977, -0.0300582, -0.0311262, -0.032201, -0.0332822, -0.0343692, -0.0354615, -0.0365585, -0.0376596, -0.0387642, -0.0398719, -0.040982, -0.0420939, -0.043207, -0.0443208, -0.0454346, -0.046548, -0.0476602, -0.0487708, -0.049879, -0.0509844, -0.0520863, -0.0531842, -0.0542774, -0.0553654, -0.0564477, -0.0575235, -0.0585925, -0.0596539, -0.0607073, -0.061752, -0.0627876, -0.0638135, -0.0648292, -0.065834, -0.0668276, -0.0678094, -0.0687789, -0.0697355, -0.0706789, -0.0716085, -0.0725239, -0.0734246, -0.0743101, -0.0751801, -0.0760341, -0.0768716, -0.0776924, -0.0784959, -0.0792819, -0.0800499, -0.0807996, -0.0815306, -0.0822427, -0.0829356, -0.0836088, -0.0842622, -0.0848955, -0.0855083, -0.0861005, -0.0866719, -0.0872222, -0.0877512, -0.0882587, -0.0887445, -0.0892086, -0.0896507, -0.0900708, -0.0904687, -0.0908442, -0.0911974, -0.0915282, -0.0918364, -0.0921221, -0.0923853, -0.0926258, -0.0928438, -0.0930391, -0.093212, -0.0933623, -0.0934901, -0.0935956, -0.0936788, -0.0937397, -0.0937786, -0.0937954, -0.0937904, -0.0937637, -0.0937154, -0.0936458, -0.0935549, -0.093443, -0.0933103, -0.0931569, -0.0929832, -0.0927893, -0.0925755, -0.092342, -0.0920891, -0.091817, -0.0915261, -0.0912166, -0.0908889, -0.0905431, -0.0901797, -0.0897989, -0.089401, -0.0889865, -0.0885556, -0.0881086, -0.0876459, -0.0871679, -0.086675, -0.0861673, -0.0856455, -0.0851097, -0.0845604, -0.083998, -0.0834228, -0.0828352, -0.0822355, -0.0816243, -0.0810018, -0.0803685, -0.0797247, -0.0790708, -0.0784072, -0.0777343, -0.0770525, -0.0763621, -0.0756636, -0.0749574, -0.0742438, -0.0735232, -0.072796, -0.0720625, -0.0713232, -0.0705785, -0.0698286, -0.0690739, -0.0683149, -0.0675519, -0.0667853, -0.0660153, -0.0652424, -0.0644669, -0.0636891, -0.0629094, -0.0621281, -0.0613455, -0.060562, -0.0597779, -0.0589934, -0.058209, -0.0574249, -0.0566413, -0.0558586, -0.0550771, -0.0542971, -0.0535187, -0.0527424, -0.0519682, -0.0511966, -0.0504278, -0.0496619, -0.0488992, -0.04814, -0.0473845, -0.0466329, -0.0458854, -0.0451421, -0.0444034, -0.0436694, -0.0429402, -0.0422161, -0.0414973, -0.0407838, -0.0400758, -0.0393736, -0.0386772, -0.0379868, -0.0373025, -0.0366244, -0.0359527, -0.0352875, -0.0346289, -0.0339769, -0.0333318, -0.0326935, -0.0320622, -0.0314379, -0.0308208, -0.0302108, -0.0296081, -0.0290126, -0.0284246, -0.0278439, -0.0272707, -0.026705, -0.0261467, -0.0255961, -0.025053, -0.0245174, -0.0239895, -0.0234692, -0.0229565, -0.0224514, -0.0219539, -0.021464, -0.0209818, -0.0205071, -0.0200399, -0.0195803, -0.0191282, -0.0186836, -0.0182465, -0.0178167, -0.0173944, -0.0169794, -0.0165717, -0.0161713, -0.015778, -0.0153919, -0.0150129, -0.014641, -0.0142761, -0.0139181, -0.0135669, -0.0132226, -0.012885, -0.0125541, -0.0122297, -0.011912, -0.0116007, -0.0112957, -0.0109971, -0.0107048, -0.0104186, -0.0101385, -0.00986446, -0.00959633, -0.00933406, -0.00907757, -0.00882678, -0.00858161, -0.00834197, -0.0081078, -0.007879, -0.00765549, -0.00743719, -0.00722402, -0.0070159, -0.00681275, -0.00661447, -0.006421, -0.00623224, -0.00604812, -0.00586856, -0.00569347, -0.00552277, -0.00535639, -0.00519424, -0.00503624, -0.00488231, -0.00473239, -0.00458637, -0.0044442, -0.0043058, -0.00417108, -0.00403997, -0.0039124, -0.0037883, -0.00366759, -0.00355019, -0.00343604, -0.00332507, -0.00321721, -0.00311238, -0.00301052, -0.00291157, -0.00281545, -0.00272211, -0.00263146, -0.00254347, -0.00245805, -0.00237515, -0.00229471, -0.00221667, -0.00214096, -0.00206754, -0.00199635, -0.00192732, -0.0018604, -0.00179555, -0.0017327, -0.00167181, -0.00161282, -0.00155569, -0.00150036, -0.00144679, -0.00139493, -0.00134473, -0.00129615, -0.00124914, -0.00120366, -0.00115967, -0.00111712, -0.00107598, -0.0010362, -0.000997753, -0.00096059, -0.000924677, -0.000889978, -0.000856457, -0.00082408, -0.000792812, -0.00076262, -0.000733472, -0.000705336, -0.000678182, -0.000651979, -0.000626699, -0.000602312, -0.00057879, -0.000556107, -0.000534237, -0.000513153, -0.00049283, -0.000473244, -0.000454371, -0.000436188, -0.000418673, -0.000401804, -0.00038556, -0.000369919, -0.000354862, -0.000340369, -0.000326421, -0.000313, -0.000300088, -0.000287668, -0.000275723, -0.000264236, -0.000253191, -0.000242574, -0.000232368, -0.000222561, -0.000213137, -0.000204083, -0.000195386, -0.000187033, -0.000179011, -0.00017131, -0.000163916, -0.000156819, -0.000150009, -0.000143473, -0.000137203, -0.000131189, -0.00012542, -0.000119888, -0.000114584, -0.000109499, -0.000104625, -9.99539e-05, -9.54777e-05, -9.11891e-05, -8.70808e-05, -8.31459e-05, -7.93776e-05, -7.57693e-05, -7.23149e-05, -6.90082e-05, -6.58435e-05, -6.2815e-05, -5.99173e-05, -5.71453e-05, -5.44938e-05, -5.1958e-05, -4.95332e-05, -4.7215e-05, -4.49988e-05, -4.28806e-05, -4.08564e-05, -3.89222e-05, -3.70743e-05, -3.53092e-05, -3.36233e-05, -3.20133e-05, -3.04762e-05, -2.90087e-05, -2.76079e-05, -2.6271e-05, -2.49953e-05, -2.37781e-05, -2.2617e-05, -2.15094e-05, -2.04531e-05, -1.94459e-05, -1.84856e-05, -1.75701e-05, -1.66975e-05, -1.58659e-05, -1.50734e-05, -1.43184e-05, -1.35992e-05, -1.29141e-05, -1.22616e-05, -1.16403e-05, -1.10487e-05, -1.04856e-05, -9.94946e-06, -9.43923e-06, -8.95367e-06, -8.49163e-06, -8.05204e-06, -7.63384e-06, -7.23603e-06, -6.85767e-06, -6.49783e-06, -6.15564e-06, -5.83026e-06, -5.52089e-06, -5.22677e-06, -4.94715e-06, -4.68134e-06, -4.42867e-06, -4.18848e-06, -3.96018e-06, -3.74317e-06, -3.53688e-06, -3.34079e-06, -3.15438e-06, -2.97715e-06, -2.80863e-06, -2.64838e-06, -2.49596e-06, -2.35097e-06, -2.213e-06, -2.08168e-06, -1.95665e-06, -1.83755e-06, -1.72406e-06, -1.61586e-06, -1.51263e-06, -1.4141e-06, -1.31996e-06, -1.22996e-06, -1.14382e-06, -1.0613e-06, -9.82148e-07, -9.06134e-07, -8.33026e-07, -7.62604e-07, -6.94653e-07, -6.28965e-07, -5.65334e-07, -5.03562e-07, -4.43454e-07, -3.84818e-07, -3.27467e-07, -2.71213e-07, -2.15874e-07, -1.61265e-07, -1.07204e-07, -5.35102e-08, ];
