%two electron case_armadillo.m
%% Plotting two electron case, the five lowest states (with results from armadillo)
R1_8= [-0.00584322, -0.0118904, -0.018117, -0.0244978, -0.0310064, -0.0376155, -0.0442976, -0.0510244, -0.0577678, -0.0644992, -0.0711904, -0.0778135, -0.0843409, -0.0907458, -0.0970023, -0.103085, -0.10897, -0.114636, -0.120059, -0.125221, -0.130103, -0.134689, -0.138963, -0.142913, -0.146528, -0.149798, -0.152715, -0.155275, -0.157473, -0.159308, -0.16078, -0.161891, -0.162644, -0.163045, -0.1631, -0.162817, -0.162207, -0.161281, -0.16005, -0.158527, -0.156728, -0.154666, -0.152358, -0.149819, -0.147067, -0.144119, -0.140991, -0.137702, -0.134269, -0.130708, -0.127038, -0.123276, -0.119437, -0.115537, -0.111593, -0.10762, -0.103631, -0.0996408, -0.0956618, -0.0917064, -0.087786, -0.0839113, -0.080092, -0.0763371, -0.0726547, -0.0690523, -0.0655363, -0.0621124, -0.0587857, -0.0555604, -0.0524398, -0.0494268, -0.0465236, -0.0437316, -0.0410518, -0.0384845, -0.0360295, -0.0336863, -0.0314537, -0.0293303, -0.0273142, -0.0254034, -0.0235955, -0.0218876, -0.0202771, -0.0187608, -0.0173355, -0.0159978, -0.0147445, -0.013572, -0.0124769, -0.0114555, -0.0105044, -0.00962009, -0.00879912, -0.00803809, -0.00733367, -0.00668259, -0.00608172, -0.00552797, -0.00501839, -0.00455012, -0.00412044, -0.00372673, -0.00336647, -0.00303729, -0.00273693, -0.00246325, -0.00221421, -0.00198792, -0.00178258, -0.0015965, -0.0014281, -0.00127591, -0.00113856, -0.00101476, -0.000903327, -0.00080316, -0.000713238, -0.000632621, -0.00056044, -0.000495899, -0.000438263, -0.000386861, -0.000341079, -0.000300356, -0.000264178, -0.000232081, -0.000203641, -0.000178473, -0.000156229, -0.000136595, -0.000119287, -0.000104048, -9.06491e-05, -7.88818e-05, -6.85609e-05, -5.95199e-05, -5.16102e-05, -4.46989e-05, -3.86674e-05, -3.34105e-05, -2.88343e-05, -2.48556e-05, -2.14008e-05, -1.84045e-05, -1.58092e-05, -1.3564e-05, -1.1624e-05, -9.94984e-06, -8.50684e-06, -7.26462e-06, -6.19655e-06, -5.27935e-06, -4.49267e-06, -3.81876e-06, -3.24216e-06, -2.74942e-06, -2.32886e-06, -1.97033e-06, -1.66507e-06, -1.40547e-06, -1.18496e-06, -9.97895e-07, -8.39387e-07, -7.0524e-07, -5.91845e-07, -4.96109e-07, -4.15379e-07, -3.47383e-07, -2.90183e-07, -2.42121e-07, -2.01787e-07, -1.67977e-07, -1.39671e-07, -1.16e-07, -9.62296e-08, -7.9736e-08, -6.59925e-08, -5.45538e-08, -4.50446e-08, -3.71484e-08, -3.05991e-08, -2.51729e-08, -2.06819e-08, -1.69686e-08, -1.39013e-08, -1.13694e-08, -9.28062e-09, -7.55792e-09, -6.13684e-09, -4.96353e-09, -3.99295e-09, -3.18735e-09, -2.51496e-09, -1.94887e-09, -1.46609e-09, -1.0467e-09, -6.73058e-10, -3.29173e-10, ];
R2_8= [0.00807036, 0.0163881, 0.0248837, 0.0334852, 0.0421191, 0.0507108, 0.0591854, 0.0674685, 0.0754868, 0.0831688, 0.0904458, 0.097252, 0.103526, 0.109209, 0.11425, 0.118601, 0.122222, 0.125076, 0.127135, 0.128377, 0.128787, 0.128357, 0.127085, 0.124976, 0.122043, 0.118305, 0.113786, 0.108517, 0.102534, 0.0958795, 0.0885991, 0.0807434, 0.0723663, 0.063525, 0.0542793, 0.0446907, 0.0348224, 0.0247382, 0.0145022, 0.00417827, -0.00617075, -0.0164832, -0.0266995, -0.0367619, -0.0466158, -0.0562095, -0.0654946, -0.0744263, -0.082964, -0.091071, -0.0987146, -0.105867, -0.112504, -0.118606, -0.124159, -0.129152, -0.133578, -0.137434, -0.140722, -0.143447, -0.145618, -0.147246, -0.148345, -0.148934, -0.149032, -0.148661, -0.147844, -0.146608, -0.144978, -0.142982, -0.140648, -0.138006, -0.135083, -0.13191, -0.128516, -0.124927, -0.121172, -0.117279, -0.113273, -0.109178, -0.10502, -0.10082, -0.0966002, -0.09238, -0.088178, -0.0840111, -0.079895, -0.0758437, -0.0718699, -0.0679848, -0.0641982, -0.0605187, -0.0569534, -0.0535083, -0.0501883, -0.0469969, -0.0439368, -0.0410098, -0.0382166, -0.0355573, -0.033031, -0.0306364, -0.0283714, -0.0262336, -0.0242198, -0.0223268, -0.0205508, -0.0188878, -0.0173336, -0.0158838, -0.0145339, -0.0132793, -0.0121154, -0.0110376, -0.0100412, -0.00912169, -0.00827461, -0.00749558, -0.00678032, -0.00612472, -0.00552478, -0.00497667, -0.00447674, -0.00402147, -0.00360754, -0.00323178, -0.00289122, -0.00258302, -0.00230456, -0.00205334, -0.00182704, -0.00162351, -0.00144072, -0.0012768, -0.00113004, -0.000998814, -0.000881664, -0.000777229, -0.000684265, -0.000601631, -0.000528284, -0.000463275, -0.000405738, -0.000354886, -0.000310005, -0.000270451, -0.00023564, -0.000205045, -0.000178194, -0.000154661, -0.000134065, -0.000116063, -0.000100351, -8.66551e-05, -7.47341e-05, -6.43714e-05, -5.53757e-05, -4.75771e-05, -4.08254e-05, -3.49878e-05, -2.99474e-05, -2.5601e-05, -2.18581e-05, -1.86391e-05, -1.58744e-05, -1.35029e-05, -1.14715e-05, -9.73357e-06, -8.24873e-06, -6.98175e-06, -5.90207e-06, -4.9832e-06, -4.20219e-06, -3.53922e-06, -2.97717e-06, -2.50129e-06, -2.09888e-06, -1.75903e-06, -1.47237e-06, -1.23089e-06, -1.02771e-06, -8.5697e-07, -7.13658e-07, -5.93509e-07, -4.92889e-07, -4.08712e-07, -3.38355e-07, -2.79594e-07, -2.30543e-07, -1.89607e-07, -1.55432e-07, -1.26872e-07, -1.02955e-07, -8.28543e-08, -6.58646e-08, -5.13792e-08, -3.8872e-08, -2.78801e-08, -1.79887e-08, -8.81607e-09, ];
