%% Two electron case, several states
R1= [0.00286718, 0.00580006, 0.00879406, 0.0118445, 0.0149464, 0.018095, 0.021285, 0.0245114, 0.0277688, 0.031052, 0.0343555, 0.037674, 0.0410019, 0.0443338, 0.0476642, 0.0509876, 0.0542986, 0.0575918, 0.0608618, 0.0641034, 0.0673112, 0.0704801, 0.0736052, 0.0766815, 0.0797041, 0.0826685, 0.0855701, 0.0884045, 0.0911675, 0.0938551, 0.0964635, 0.0989889, 0.101428, 0.103777, 0.106034, 0.108195, 0.110258, 0.11222, 0.114079, 0.115834, 0.117482, 0.119022, 0.120453, 0.121773, 0.122983, 0.12408, 0.125066, 0.125939, 0.1267, 0.12735, 0.127887, 0.128315, 0.128632, 0.128841, 0.128943, 0.128939, 0.128831, 0.12862, 0.128309, 0.1279, 0.127395, 0.126796, 0.126106, 0.125328, 0.124464, 0.123517, 0.122491, 0.121388, 0.120211, 0.118964, 0.11765, 0.116271, 0.114832, 0.113336, 0.111785, 0.110184, 0.108536, 0.106844, 0.105111, 0.103341, 0.101537, 0.0997029, 0.0978411, 0.0959552, 0.0940481, 0.0921231, 0.0901831, 0.088231, 0.0862698, 0.0843022, 0.082331, 0.0803588, 0.0783881, 0.0764214, 0.074461, 0.0725093, 0.0705684, 0.0686404, 0.0667272, 0.0648308, 0.0629529, 0.0610952, 0.0592594, 0.0574468, 0.0556589, 0.0538969, 0.0521621, 0.0504556, 0.0487783, 0.0471312, 0.0455151, 0.0439307, 0.0423787, 0.0408596, 0.0393739, 0.037922, 0.0365043, 0.035121, 0.0337722, 0.0324582, 0.0311789, 0.0299343, 0.0287244, 0.027549, 0.026408, 0.0253011, 0.024228, 0.0231885, 0.0221821, 0.0212085, 0.0202672, 0.0193577, 0.0184796, 0.0176323, 0.0168152, 0.0160279, 0.0152696, 0.0145399, 0.0138379, 0.0131632, 0.012515, 0.0118927, 0.0112956, 0.0107231, 0.0101744, 0.00964892, 0.00914593, 0.00866476, 0.00820472, 0.00776515, 0.00734538, 0.00694474, 0.00656258, 0.00619825, 0.00585111, 0.00552052, 0.00520589, 0.00490658, 0.00462202, 0.00435161, 0.00409477, 0.00385096, 0.00361963, 0.00340025, 0.00319229, 0.00299525, 0.00280864, 0.00263199, 0.00246483, 0.00230671, 0.0021572, 0.00201587, 0.00188232, 0.00175615, 0.00163699, 0.00152445, 0.00141819, 0.00131786, 0.00122312, 0.00113367, 0.00104918, 0.000969349, 0.0008939, 0.000822545, 0.000755014, 0.000691052, 0.000630395, 0.000572798, 0.000518026, 0.000465842, 0.000416018, 0.000368331, 0.000322564, 0.000278504, 0.000235926, 0.000194636, 0.000154412, 0.000115049, 7.63326e-05, 3.80587e-05, ];
R2= [0.00396578, 0.00801585, 0.0121371, 0.016316, 0.0205389, 0.0247916, 0.0290601, 0.0333299, 0.0375866, 0.0418157, 0.0460028, 0.0501335, 0.0541936, 0.0581689, 0.0620457, 0.0658104, 0.0694498, 0.0729511, 0.0763018, 0.0794902, 0.0825048, 0.0853348, 0.0879699, 0.0904006, 0.0926181, 0.094614, 0.096381, 0.0979123, 0.0992019, 0.100245, 0.101036, 0.101574, 0.101853, 0.101874, 0.101634, 0.101135, 0.100375, 0.099357, 0.098083, 0.0965561, 0.0947802, 0.0927597, 0.0905, 0.0880071, 0.0852878, 0.0823495, 0.0792, 0.0758479, 0.0723023, 0.0685729, 0.0646696, 0.060603, 0.056384, 0.0520238, 0.0475338, 0.0429259, 0.038212, 0.0334044, 0.0285152, 0.0235568, 0.0185416, 0.013482, 0.00839038, 0.00327892, -0.00184021, -0.00695507, -0.0120539, -0.0171251, -0.0221576, -0.0271402, -0.0320625, -0.036914, -0.041685, -0.046366, -0.0509479, -0.0554222, -0.0597806, -0.0640157, -0.0681201, -0.0720874, -0.0759113, -0.0795862, -0.0831072, -0.0864696, -0.0896694, -0.0927032, -0.0955681, -0.0982614, -0.100781, -0.103127, -0.105296, -0.10729, -0.109107, -0.110749, -0.112216, -0.113509, -0.114632, -0.115584, -0.11637, -0.116992, -0.117453, -0.117757, -0.117907, -0.117908, -0.117763, -0.117478, -0.117057, -0.116506, -0.115828, -0.11503, -0.114116, -0.113092, -0.111964, -0.110737, -0.109417, -0.108008, -0.106518, -0.104952, -0.103314, -0.101611, -0.0998482, -0.0980307, -0.0961639, -0.0942531, -0.0923033, -0.0903195, -0.0883065, -0.0862691, -0.0842119, -0.0821391, -0.0800552, -0.0779641, -0.0758697, -0.073776, -0.0716863, -0.0696042, -0.0675329, -0.0654753, -0.0634345, -0.061413, -0.0594134, -0.057438, -0.0554891, -0.0535686, -0.0516783, -0.04982, -0.0479951, -0.046205, -0.044451, -0.042734, -0.041055, -0.0394148, -0.037814, -0.0362532, -0.0347327, -0.0332528, -0.0318138, -0.0304156, -0.0290583, -0.0277418, -0.0264657, -0.0252299, -0.0240339, -0.0228773, -0.0217597, -0.0206803, -0.0196386, -0.0186339, -0.0176655, -0.0167326, -0.0158343, -0.0149698, -0.0141381, -0.0133385, -0.0125699, -0.0118313, -0.0111218, -0.0104403, -0.00978585, -0.00915734, -0.00855374, -0.00797397, -0.00741696, -0.00688163, -0.00636687, -0.00587158, -0.00539465, -0.00493498, -0.00449142, -0.00406285, -0.00364811, -0.00324607, -0.00285555, -0.00247536, -0.00210431, -0.00174119, -0.00138475, -0.00103373, -0.000686823, -0.000342701, ];
R3= [0.00479105, 0.00967575, 0.0146298, 0.0196285, 0.0246464, 0.0296582, 0.0346381, 0.0395604, 0.0443996, 0.0491305, 0.053728, 0.058168, 0.0624266, 0.066481, 0.0703093, 0.0738904, 0.0772047, 0.0802337, 0.08296, 0.0853682, 0.0874438, 0.0891745, 0.0905494, 0.0915592, 0.0921966, 0.092456, 0.0923338, 0.0918282, 0.090939, 0.0896684, 0.08802, 0.0859995, 0.0836143, 0.0808735, 0.077788, 0.0743704, 0.0706349, 0.0665969, 0.0622736, 0.0576834, 0.0528458, 0.0477817, 0.0425128, 0.0370617, 0.031452, 0.0257077, 0.0198537, 0.013915, 0.007917, 0.00188537, -0.00415427, -0.0101763, -0.0161554, -0.0220664, -0.0278847, -0.0335862, -0.0391475, -0.0445458, -0.0497593, -0.0547671, -0.0595493, -0.0640872, -0.0683633, -0.0723612, -0.0760659, -0.0794639, -0.0825429, -0.0852922, -0.0877024, -0.0897658, -0.0914762, -0.0928287, -0.09382, -0.0944486, -0.094714, -0.0946175, -0.0941618, -0.0933509, -0.0921901, -0.0906862, -0.0888471, -0.086682, -0.084201, -0.0814157, -0.0783383, -0.074982, -0.071361, -0.0674901, -0.0633848, -0.0590615, -0.0545366, -0.0498273, -0.0449512, -0.039926, -0.0347696, -0.0295002, -0.0241357, -0.0186944, -0.0131942, -0.00765284, -0.00208789, 0.00348342, 0.00904424, 0.0145782, 0.0200692, 0.0255021, 0.0308618, 0.0361344, 0.0413062, 0.0463644, 0.051297, 0.0560925, 0.0607404, 0.0652309, 0.0695551, 0.0737048, 0.0776725, 0.0814518, 0.085037, 0.0884232, 0.0916061, 0.0945826, 0.09735, 0.0999065, 0.102251, 0.104384, 0.106304, 0.108013, 0.109513, 0.110806, 0.111895, 0.112782, 0.113473, 0.11397, 0.114279, 0.114405, 0.114353, 0.114129, 0.11374, 0.113191, 0.112489, 0.111641, 0.110653, 0.109533, 0.108288, 0.106925, 0.105452, 0.103874, 0.1022, 0.100437, 0.0985919, 0.0966713, 0.0946822, 0.0926316, 0.0905258, 0.0883714, 0.0861745, 0.0839412, 0.0816773, 0.0793883, 0.0770798, 0.0747568, 0.0724242, 0.0700867, 0.0677486, 0.0654141, 0.0630871, 0.0607713, 0.0584698, 0.056186, 0.0539225, 0.0516821, 0.0494669, 0.0472792, 0.0451206, 0.0429929, 0.0408973, 0.038835, 0.0368068, 0.0348134, 0.0328553, 0.0309326, 0.0290453, 0.0271934, 0.0253763, 0.0235934, 0.0218441, 0.0201273, 0.0184418, 0.0167864, 0.0151596, 0.0135595, 0.0119844, 0.0104323, 0.00890083, 0.00738769, 0.00589029, 0.00440586, 0.00293147, 0.00146396, ];
