%% Two electron case
% n = 400
% The psi with smallest omega should be plotted alone

%% Plotting for omega_r = 0.5, 1, 5

psi_05= [0.00268899, 0.00545292, 0.00828739, 0.0111879, 0.0141497, 0.0171679, 0.0202375, 0.0233534, 0.0265104, 0.029703, 0.0329258, 0.0361734, 0.0394401, 0.0427203, 0.0460084, 0.0492986, 0.0525854, 0.0558631, 0.0591259, 0.0623684, 0.0655851, 0.0687703, 0.0719188, 0.0750253, 0.0780846, 0.0810917, 0.0840416, 0.0869296, 0.089751, 0.0925015, 0.0951767, 0.0977726, 0.100285, 0.102711, 0.105047, 0.107288, 0.109434, 0.111479, 0.113423, 0.115263, 0.116996, 0.118621, 0.120135, 0.121539, 0.12283, 0.124009, 0.125073, 0.126023, 0.126858, 0.12758, 0.128187, 0.12868, 0.129061, 0.12933, 0.129489, 0.129538, 0.12948, 0.129315, 0.129046, 0.128676, 0.128206, 0.127638, 0.126976, 0.126221, 0.125377, 0.124447, 0.123433, 0.122339, 0.121168, 0.119924, 0.118608, 0.117226, 0.115779, 0.114273, 0.11271, 0.111093, 0.109427, 0.107714, 0.105959, 0.104164, 0.102334, 0.100471, 0.0985798, 0.0966626, 0.094723, 0.0927642, 0.0907896, 0.088802, 0.0868047, 0.0848005, 0.0827922, 0.0807826, 0.0787745, 0.0767703, 0.0747727, 0.0727839, 0.0708062, 0.0688419, 0.066893, 0.0649615, 0.0630492, 0.0611579, 0.0592894, 0.057445, 0.0556263, 0.0538346, 0.0520712, 0.0503372, 0.0486336, 0.0469614, 0.0453214, 0.0437144, 0.042141, 0.0406018, 0.0390973, 0.0376279, 0.0361939, 0.0347956, 0.0334331, 0.0321065, 0.0308159, 0.0295613, 0.0283424, 0.0271592, 0.0260115, 0.024899, 0.0238214, 0.0227783, 0.0217693, 0.0207941, 0.019852, 0.0189427, 0.0180655, 0.0172198, 0.0164052, 0.015621, 0.0148665, 0.014141, 0.013444, 0.0127748, 0.0121325, 0.0115167, 0.0109264, 0.0103611, 0.00981993, 0.00930229, 0.00880742, 0.00833462, 0.00788318, 0.0074524, 0.00704157, 0.00665001, 0.00627704, 0.005922, 0.00558421, 0.00526303, 0.00495782, 0.00466796, 0.00439284, 0.00413186, 0.00388443, 0.00365, 0.003428, 0.00321789, 0.00301915, 0.00283128, 0.00265378, 0.00248616, 0.00232798, 0.00217878, 0.00203814, 0.00190563, 0.00178085, 0.00166343, 0.00155298, 0.00144915, 0.00135159, 0.00125998, 0.00117401, 0.00109337, 0.00101776, 0.000946919, 0.000880578, 0.000818487, 0.000760401, 0.000706091, 0.000655342, 0.000607946, 0.000563695, 0.000522422, 0.000483929, 0.000448056, 0.000414642, 0.000383532, 0.000354588, 0.000327666, 0.000302647, 0.000279397, 0.00025781, 0.000237778, 0.000219194, 0.000201969, 0.000186003, 0.000171219, 0.000157535, 0.000144875, 0.000133169, 0.000122349, 0.000112357, 0.000103127, 9.46148e-05, 8.67605e-05, 7.95221e-05, 7.28498e-05, 6.67081e-05, 6.10524e-05, 5.58528e-05, 5.10685e-05, 4.66722e-05, 4.26351e-05, 3.893e-05, 3.55296e-05, 3.24109e-05, 2.95492e-05, 2.69309e-05, 2.45298e-05, 2.23355e-05, 2.03257e-05, 1.84883e-05, 1.68075e-05, 1.52754e-05, 1.38724e-05, 1.25978e-05, 1.14313e-05, 1.03661e-05, 9.39742e-06, 8.51865e-06, 7.7155e-06, 6.98265e-06, 6.31834e-06, 5.71529e-06, 5.16627e-06, 4.66805e-06, 4.21598e-06, 3.80648e-06, 3.43356e-06, 3.09591e-06, 2.79174e-06, 2.51864e-06, 2.2647e-06, 2.04355e-06, 1.836e-06, 1.65216e-06, 1.48425e-06, 1.33503e-06, 1.19954e-06, 1.07572e-06, 9.63949e-07, 8.65986e-07, 7.76439e-07, 6.94419e-07, 6.23594e-07, 5.57507e-07, 4.96836e-07, 4.46773e-07, 3.96845e-07, 3.55349e-07, 3.17605e-07, 2.84895e-07, 2.50868e-07, 2.28228e-07, 2.01185e-07, 1.81544e-07, 1.61839e-07, 1.42679e-07, 1.24769e-07, 1.14188e-07, 9.89917e-08, 8.80564e-08, 7.70821e-08, 6.98751e-08, 5.91893e-08, 5.62511e-08, 4.82312e-08, 4.05261e-08, 3.76027e-08, 3.49884e-08, 2.96594e-08, 2.92235e-08, 2.16123e-08, 2.16954e-08, 1.89443e-08, 1.51935e-08, 1.37242e-08, 1.58588e-08, 1.00697e-08, 9.03816e-09, 7.51332e-09, 5.49741e-09, 6.40155e-09, 7.80042e-09, 7.52626e-09, 2.33362e-09, 3.28386e-09, 5.06577e-09, 3.05934e-09, 4.76785e-09, 1.03493e-09, 3.21975e-09, 1.54223e-09, 1.47033e-09, 1.88994e-09, 3.32231e-09, 6.21186e-10, -2.35554e-09, -4.68362e-10, 4.32798e-10, -4.81677e-10, 3.10579e-09, -1.85468e-09, 6.18735e-10, -1.79827e-10, 2.9357e-09, 9.94412e-11, 2.23288e-09, -7.66602e-10, 1.62335e-09, -3.52667e-10, 9.2177e-10, -5.41225e-10, -1.17868e-09, -2.15191e-09, 7.92955e-10, -1.65969e-09, -1.74018e-09, 1.38797e-09, 2.30183e-09, 1.20585e-09, 1.70471e-10, -1.6033e-09, 2.29736e-09, 2.10119e-10, -7.59567e-10, -2.76597e-09, 1.79008e-10, -1.70312e-09, -1.0914e-09, 2.27908e-09, -7.05352e-10, 6.22947e-10, -1.22586e-09, 1.96555e-09, -2.73955e-11, 3.08796e-09, -1.04267e-09, 4.21542e-10, -4.67187e-09, 2.15812e-09, 1.20862e-09, 1.86694e-09, 1.99799e-10, -1.51144e-09, 1.74997e-09, 4.83576e-10, -4.42858e-10, 1.98112e-09, -5.13386e-10, 2.12277e-09, -1.39178e-09, 1.46957e-09, -2.13257e-09, 5.59469e-10, 7.56358e-10, -1.25177e-09, -7.47781e-10, -4.60184e-10, 1.39736e-09, -4.29546e-10, 1.97491e-09, -1.63955e-09, -3.12648e-11, 5.45978e-10, -2.0443e-10, -2.26318e-09, -3.18667e-11, -1.65822e-09, 1.44317e-09, 1.72906e-09, 1.09557e-09, -7.04377e-10, 1.90976e-09, -2.3961e-09, -2.00582e-09, 1.18861e-09, -3.30544e-10, -4.56046e-09, -2.79803e-09, -4.19708e-09, 1.5136e-10, 1.3653e-09, ];
